X	Y

9972,033234788767004	44916,479624094441530



9963,749309572580387	44871,913437444542070



9968,331906500683544	44840,080446980333360



9952,645324708330008	44793,097403539519290



9892,366549730975748	44775,589258784202680



9873,507400834550936	44797,518652215105250



9771,808999776265409	44818,740645857913480



9750,219084773669238	44806,891699407344280



9759,560532357880220	44859,533941152905760



9765,640119296127523	44960,338410956246660



9769,341447584209163	44930,804469803333630



9874,036162018563118	45040,746094384478060



9803,182163360970662	45024,122199364283000



9752,686636965725484	44973,602156982997260



9715,144592900880525	44973,602156982997260



9720,432204741000533	44932,042419432502360



9657,862131299592875	44845,032245496986440



9605,162266626408382	44885,884583259394280



9645,524370339317102	44772,936509578852560



9553,167416865240739	45081,775282093905840



9660,858444675661303	45071,871685060599700



9659,448414851629423	45087,788180292700420



9794,898238144784045	45099,283426849222450



9846,011819265933809	45078,061433206414220



9791,901924768717436	45063,029187709427790



9921,448414851629423	45132,531216889619830



9905,585579331273038	45175,682603963330620



9886,021415522833195	45196,904597606138850



9870,158580002476810	45205,923944904330710



10068,354730465041939	45219,836048251774630



10132,687341186488993	45212,821092838246840



10183,272161123624755	45187,885250307946990



10153,837788546963566	45187,885250307946990



10236,324533252818583	45260,511536067155250



9769,517701312213831	45252,022738610030500



9613,446191842594999	45205,747094957310760



9609,744863554511539	45130,055317631296930



9577,314177601783740	45206,454494745405100



9578,019192513798771	45170,200255605603160



9486,985308677642024	45134,653416253902830



9493,682950341792093	45078,061433206414220



9507,165193856206315	44982,267804387141950



9199,957279301079325	45464,891032358791560



9164,177772516275582	45473,556679762936260



9186,914503428786702	45435,533941152905760



9236,265547269895251	45366,798354228216340



9264,024342752629309	45370,335353168680740



9309,497804577651550	45372,457552532963740



9412,606235459970776	45320,109968214041140



9429,879100804359041	45331,074664929488790



9427,764056068310310	45289,691777326013840



9372,420385475066723	45296,235225365882800



9400,620981955700699	45261,395785802269530



9214,410084997403828	45289,514927378993890



9635,301654115086421	45607,726747086286200



9674,253728003961442	45682,887974571232920



9691,702847076354374	45664,318730133774810



9722,018488293035261	45632,839439563605990



9757,797995077840824	45682,887974571232920



9749,161562405646691	45720,910713181263420



9794,369476960771863	45625,411741788630020



9771,456492320257894	45624,350642106488520



10017,859204069796760	45672,276977749825160



9993,888697061258426	45657,067882305811510



9945,066414404160241	45651,585533948091320



10081,750013793343896	45571,354700466872600



10116,471998210123274	45428,636793218996900



10012,571592229676753	45394,210096016839090



9597,407102594233947	45553,846555711563270



9619,086311138722522	45523,428364823535960



10221,871727556492260	45397,747094957310760



10194,904907171887317	45394,563795910886260



10269,636487845566080	45369,451103433566460



10225,220548388568204	45321,524767790222540



10194,904907171887317	45333,550564187818960



10117,529520578147640	45406,884249735114280



9532,193223232769014	45690,492522293236110



10468,890160676155574	45686,778673405744480



10460,077474275958593	45649,817034477855490



10412,488967714887622	45634,431089086821880



10673,960206530877260	45721,087563128283360



10663,032475394631550	45683,064824518252860



10678,190296002971080	45674,222327167080950



10715,203578883803860	45636,199588557050450



10645,759610050243280	45645,926335643343920



10670,963893154808830	45593,637793791822330



10585,128327616879690	45549,071607141930140



10620,907834401683430	45500,084171816444720



10614,386446465538030	45433,588591735649970



10856,822282657098180	45496,724022823000270



10818,046462496226010	45394,740645857913480



10523,352562629381282	45464,714182411764340



10521,061264165329703	45438,540390252303040



10491,803145316671362	45453,926335643343920



10479,994145540405952	45397,747094957310760



10517,007428421238728	45384,660198877580120



10526,701383461455407	45358,663256665138760



10488,806831940604752	45366,267804387141950



10456,199892259870467	45366,267804387141950



10436,635728451430623	45305,254572664074660



10393,277311362457112	45306,315672346216160



10343,397506337334562	45351,058708943135570



10327,182163360970662	45318,341468743805310



10360,670371681722827	45304,193472981933160



10360,670371681722827	45285,624228544475040



10327,182163360970662	45297,650024942064190



10295,808999776265409	45195,312948082930240



10325,067118624923751	45161,534608201458470



10839,196909856700590	46150,714849460324330



10774,601085221138420	46067,418524412300030



10723,663757827993320	45985,713848887491620



10720,491190723922050	45951,640851579388260



10708,682190947656640	45881,961972452168990



10649,989699522337100	45886,206371180727730



10668,496340962754400	45965,788847341253130



10659,683654562555600	45996,678545602939260



10644,702087682218920	45974,454494745405100



10551,111358112115340	46119,589258784202680



10546,705014912015031	46079,444320809889180



10569,617999552530820	46016,308889722538880



10506,608458469003381	46067,772224306347200



10468,537653220148059	46082,981319750360850



10441,394579107538448	46110,216211591963660



10415,485281090956050	46091,646967154505540



10395,921117282516207	46055,746427908758050



10463,250041380029870	45989,250847827956020



10392,748550178444930	45933,779006930024480



10396,978639650540572	45911,849613499121920



10423,064191395125818	45884,791571604539060



10469,947683044179939	45770,428698347808680



10451,441041603764461	45752,036303857377790



10320,132014240813078	45737,888308095505640



10363,314177601783740	45932,541057300855760



10369,835565537929142	45905,483015406280180



10360,141610497712463	45867,283426849222450



10343,926267521346745	45904,245065777111450



10359,084088129688098	45857,556679762936260



10310,261805472589913	45832,443987285616460



10262,938846181416011	45777,679546175771980



10254,126159781217211	45792,829599152377340



10240,025861540900223	45815,643242318394190



10213,059041156295280	45773,258297500186020



10204,422608484101147	45787,406293262058170



10278,977935429777062	45974,631344692425040



10198,782489187973624	45935,370656453233100



10163,002982403169881	45986,598098622605900



10148,902684162852893	45962,605548294835900



10094,616535937631852	45980,113693050152500



10072,937327393145097	45956,062100254966940



10017,859204069796760	45946,335353168680740



10040,330387712412630	45867,990826637316780



9957,051667908430318	45906,190415194374510



10050,200596480633976	45912,557013287216250



9972,209488516769852	45811,398843589828180



9962,868040932560689	45775,557346811488970



9888,665221442892289	45829,968088027286280



9870,334833730479659	45832,090287391569290



9737,176308901376615	45876,656474041461480



9745,812741573570747	45839,694835113572480



9707,918190052718273	45879,839773087885990



10782,532502981317520	45763,531550413899820



10669,730117058781620	45778,740645857913480



10929,615072322734700	45483,813976690296840



10900,356953474076360	45470,727080610566190



10848,009596256899390	46130,730805446677550



11059,337816133649540	46422,591983047488610



11025,673354084892710	46395,357091205885810



11052,640174469499470	46592,662589616586040



10954,114340515285220	46455,309223246818880



10870,570073441405840	46368,122199364283000



10921,507400834550940	46449,826874889091420



10755,741936324715420	46390,228442742205520



10750,630578212600080	46348,550897712091680



10733,181459140207150	46347,489798029950180



10713,441041603764460	46397,832990464208700



10809,586283552036550	46598,144937974313500



10796,104040037622330	46564,012898198794580



10648,403415970302380	46437,093678703407930



10648,403415970302380	46414,103185590363860



10653,867281538425230	46379,263746026757870



10661,622445570599670	46350,673097076374690



10617,030252385597120	46335,464001632361040



10573,495581568618940	46381,562795338060820



10578,078178496720280	46344,129649036505720



10486,868040932560689	46325,206704705007720



10663,737490306646580	46261,540723776583040



10450,031011779732580	46296,910713181263420



10470,652697956194970	46283,823817101532770



10515,949906053214363	46430,903930557586140



10456,199892259870467	46462,560071074774900



10443,333370115582511	46441,868627273033780



10406,320087234749735	46477,769166518788550



10389,047221890361470	46545,325846281724800



10357,497804577651550	46508,187357406808580



10212,706533700287764	46385,276644225552440



10215,879100804359041	46248,453827696852380



10142,205042498702824	46322,377105552630380



10070,469775201088851	46240,849279974841920



9935,019951907934228	46220,334686120128020



9988,072324037126236	46168,576694109680830



10491,979399044676029	46806,415133100461390



10456,199892259870467	46829,228776266478240



10640,824505666130790	46814,196530769491800



10485,458011108528808	46772,636793218996900



10509,428518117067142	46770,337743907693950



10509,428518117067142	46732,904597606138850



10442,099594019553479	46735,203646917441800



10425,884251043189579	46697,004058360391360



10430,290594243288069	46663,225718478919590



10386,755923426309892	46683,917162280660700



10357,497804577651550	46625,202979868889090



10300,039089248361051	46654,560071074774900



10377,061968386091394	46803,054984107016940



10344,455028705358927	46805,177183471299940



10348,861371905457418	46783,424639987424600



10127,752236802376501	46790,144937974313500



10065,005909632965995	46703,016956559185930



10146,435131970796647	46672,598765671158620



10112,770669922039815	46640,942625153969860



10082,455028705358927	46524,634402479983690



10019,445487621831489	46494,216211591963660



9964,101817028587902	46527,994551473428140



9995,474980613293155	46440,984377537919500



10042,269178720454875	46443,990826637316780



10080,339983969312016	46379,794295867824980



10094,440282209629004	46369,006449099397280



9865,575983074373653	46307,521710002663900



9856,939550402179520	46273,743370121199400



9852,533207202079211	46229,000333524280000



9823,275088353422689	46294,434813922933240



9755,330442885784578	46343,245399301391440



9797,013282880832776	46421,354033418319880



9739,820114821435709	46435,148329286144870



9893,600325827002962	46666,232167578316880



9695,404175364437833	46412,334686120128020



9658,567146211609725	46421,000333524280000



9623,845161794828527	46440,630677643872330



9647,639415075364013	46512,431756135374600



9551,052372129192008	46572,501695655919320



9566,210192737533362	46603,980986226080860



9498,000000000000000	46561,536998940464400



9557,750013793343896	46218,035636808825080



9595,997072770202067	46168,399844162660880



9364,312713986884773	46117,290209472899740



9391,455788099494384	46123,833657512761420



9380,351803235245825	46261,894423670630200



9326,065655010024784	46241,202979868889090



9293,282461601287650	46428,958581140330350



9274,952073888875020	46426,836381776047340



9433,227921636433166	46642,003724836111360



9455,964652548944287	46687,807861115172280



9422,476444228192122	46687,807861115172280



9225,161562405646691	46576,922944331505280



9307,382759841604638	46732,374047765071740



9300,861371905457418	46706,377105552630380



9253,096611616383598	46818,794629392104980



10096,379073217671248	47419,730471922397560



10090,915207649548393	47400,100127802805220



10134,626132194531237	47284,145605022866220



10307,970507008538334	47249,129315512233000



10371,950610273977873	47216,412075312902740



10481,404175364437833	47292,634402479983690



10236,500786980821431	47223,132373299791650



10542,211711525804276	47251,251514876508740



10523,881323813391646	47124,332295381122100



10335,113581121149764	47003,543781564141680



10336,171103489172310	46953,495246556522040



10476,116563524317826	46880,161561009219440



10420,772892931074239	46850,804469803333630



10433,815668803366862	46841,077722717047440



9983,842234565032413	47221,363873829555820



10078,224939233263285	47182,810585378458200



10077,343670593243587	47130,698893473963840



10126,165953250341772	47093,560404599047620



10206,361399492145210	47041,389670227152240



10180,452101475562813	47039,267470862869230



10006,578965477543534	47188,646633630232820



9925,325996867715730	47206,154778385549440



9832,969043393641186	47251,782064717583120



9873,154893378543420	47153,807194066619560



9857,997072770202067	47119,734196758516190



9898,182922755106119	47011,855729074239200



9888,488967714887622	47031,486073193838820



9894,834101923030175	46994,524434265949820



9908,934400163347163	46955,263746026757870



9957,756682820445349	46944,475899258330180



9936,253728003961442	46938,522043526943890



10075,052372129192008	46812,781731193303130



9820,102521249351412	47027,064824518252860



9831,911521025616821	46991,164285272505360



9776,567850432373234	47275,833657512761420



9763,525074560078792	47271,412408837182740



9756,387965253808943	47224,370322928953100



9763,525074560078792	47163,710791099932980



9701,044294660563537	47092,853004810960560



9711,972025796809248	47064,557013287216250



9652,222012003467171	47021,051926319458290



9566,562700193540877	47022,113026001599790



9613,269938114590332	46972,064490993980140



9403,969802787776644	47768,006782623677280



9418,246354756096480	47920,038694596383720



9462,662294213094356	47773,489130981397460



9497,384278629875553	47992,900872770027490



9507,870208768221346	47976,100127802805220



9496,150502533848339	47898,522043526943890



9556,692491425319531	48058,865903009755130



9575,199132865735010	48040,296658572297020



9567,620222561565242	48025,087563128283360



9614,151206754611849	48018,544115088421680



9607,629818818464628	48000,151720597983520



9590,356953474076363	48000,151720597983520



9615,208729122634395	47971,855729074239200



9587,008132642000419	47960,891032358791560



9604,457251714393351	47942,321787921333460



9670,552399715877982	47933,656140517188760



9589,299431106051998	47864,566853698452180



9652,222012003467171	47852,541057300855760



9676,016265284000838	47851,479957618714250



9739,996368549440376	47907,482348357727460



9734,708756709320369	47854,840106612158700



9730,302413509221878	47889,679546175771980



9837,022879137732161	47889,856396122791920



9853,414475842100728	47915,617445920805040



9869,453565090459961	47877,830599725202780



9891,309027362951383	47966,727080610566190



9597,935863778246130	47776,495580080794760



9595,820819042199219	47706,875743420991060



9658,743399939612573	47669,737254546074840



9666,322310243784159	47565,218935855249580



9545,941014017078487	47664,431756135374600



9627,193982626904472	47653,467059419919680



9930,261101251828222	47592,100127802805220



9923,739713315681001	47573,530883365347110



9827,152670369508996	47563,627286332033690



9970,446951236730456	47564,865235961202420



9972,561995972777368	47497,898148506741560



9753,039144421732999	47463,766108731222630



10058,484521696820593	47483,042752956775080



10074,523610945179826	48062,756601844266700



10050,553103936641492	48046,309556771091600



10058,132014240813078	48012,531216889619820



10126,518460706349288	47935,247790040397380



9997,590025349340067	47897,460943844802380



10072,584819937137581	47873,055651155569650



9992,126159781217211	47862,621504281189120



10001,820114821435709	47824,598765671158620



9993,183682149241577	47800,547172875980320



9946,476444228192122	47813,634068955710980



10087,742640545477116	47777,379829815916310



10363,666685057791256	48066,824150625805480



10395,216102370499357	48047,370656453233100



10365,781729793838167	48035,344860055643950



10454,789862435838586	48051,615055181791830



10479,817891812401285	48041,888308095505640



10359,260341857690946	47911,196197245219080



10300,744104160376082	47883,489798029950180



10320,308267968815926	47826,897814982468840



10440,689564195521598	47785,514927378993890



10305,150447360474573	47793,119475100997080



10235,267010884794217	47629,415466624741380



10180,980862659573177	47639,319063658047520



10440,689564195521598	47586,264079551030590



10371,774356545973205	47497,013898771627280



10485,634264836533475	47490,470450731758320



10552,521387936147221	47417,608272558121820



10560,276551968321660	47348,990493113044060



10540,801681701772395	47380,469783683205600



10915,162266626408380	48062,579751897246750



10930,320087234749740	48052,676154863933340



10900,004446018068850	48041,888308095505640



10932,435131970796650	48014,653416253902840



10854,354730465041940	48012,531216889619820



11165,353266850142970	47740,064490993980140



11147,022879137732160	47687,245399301391440



10885,022879137732160	47649,222660691360940



10941,424072099000110	47613,145271498586220



10869,865058529390810	47596,875076372438340



10942,481594467022660	47567,517985166552540



11009,810518564536320	47534,800744967222270



11020,561995972777370	47532,678545602939260



11020,914503428786700	47506,740645857913480



11006,637951460465050	47493,830599725202780



11052,287667013491960	47466,595707883599970



11107,189536608835620	47472,254906188347380



10941,600325827002960	47501,435147447213240



10908,993386146270500	47513,284093897775160



10789,053890917462920	47454,746761433030770



10926,442505218663430	47437,061766730694220



10941,600325827002960	47404,521376478391180



10930,848848418761920	47379,408684001064100



10908,993386146270500	47366,321787921333460



10873,742640545477120	47320,222994215633660



10806,503009989855850	47340,324845708892100



10839,020656128697740	47301,653749778182830



10849,772133536938780	47267,875409896711060



10857,351043841108550	47249,483015406280180



10922,564923202575300	47245,061766730694220



11103,135700864744650	47442,897814982468840



11225,808295555501900	47411,241674465280080



11182,626132194531240	47324,290542997172450



11154,425535713897260	47295,994551473428140



11193,377609602774100	47256,733863234236200



10916,396042722437410	47204,739978809360760



10901,061968386091390	47176,443987285616460



10878,325237473580270	47147,086896079730650



10856,646028929093520	47180,865235961202420



10764,907130180921740	47213,759326107552620



11014,040608036631970	47047,933118267013920



10974,912280419752280	46974,894090146350210



10928,205042498702820	47016,276977749825160



10801,920413061752700	47053,238616677714160



10558,866522144289775	46896,254906188347380



10556,575223680238196	47194,659531829027400



11003,465384356393770	48185,961972452169000



10976,322310243784160	48114,160893960666720



11208,359176483110790	48166,154778385549440



11191,967579778742220	48135,736587497522120



11169,230848866231100	48147,762383895111270



11131,336297345378630	48106,379496291636320



11128,868745153324200	48094,059042467408290



11145,084088129688100	48451,177850519852660



11127,811222785299830	48402,190415194374510



11364,254432224724950	48424,296658572297020



10956,581892707339650	48537,952132040933060



10878,501491201584940	48492,147995761872160



10902,648251938127940	48429,602156982997260



10918,863594914491840	48406,788513816980410



10910,227162242297710	48385,035970333105070



10870,041312257395480	48390,518318690825260



10856,998536385101030	48378,492522293236100



10858,056058753125400	48343,653082729630120



10848,362103712906900	48440,566853698452180



10758,209488516769850	48179,418524412300030



10722,253728003961440	48146,878134159996990



10512,953592677145934	48458,605548294835900



10506,432204741000533	48432,608606082394540



10575,786880032668700	48254,579751897246750



10544,326756261851187	48228,405959737778180



10516,126159781217211	48206,653416253902840



10543,269233893828641	48162,087229604010640



10464,131310020049568	48166,331628332569380



10485,810518564536324	48139,273586437986520



10414,075251266924170	48127,247790040397380



10248,486040485091507	48153,244732252838730



10213,764056068310310	48148,823483577252780



10181,157116387577844	48178,180574783138580



10190,851071427796342	48124,948740729094420



10095,497804577651550	48147,762383895111270



10117,177013122140124	48132,553288451097620



10454,437354979831071	48436,853004810960560



10440,337056739514082	48410,679212651491980



10435,930713539415592	48459,843497923997340



10399,093684386587483	48426,065158042532860



10280,916726437821126	48495,154444861269440



10343,750013793343896	48391,225718478919590



10212,530279972283097	48443,927002691896630



10006,578965477543534	48433,139155923468940



10001,115099909420678	48322,077389192774720



9987,014801669103690	48330,743036596919410



9968,684413956691060	48239,193806506205880



9933,962429539909863	48246,798354228216340



9921,977176035641605	48374,248123564677370



9835,084088129688098	48308,990493113044060



9733,827488069300671	48147,231834054044160



9673,196205635938895	48116,636793218996900



9544,883491649054122	48459,489798029950180



9313,199132865735010	48550,154778385549440



9310,907834401683431	48495,684994702336560



9380,351803235245825	48328,620837232636400



9420,537653220148059	48289,360148993444460



9326,241908738029451	48321,016289510633220



9883,553863330776949	49090,431089086821880



9694,346652996413468	49036,904597606138850



9788,376850208638643	48982,611663869953190



9718,140906276948954	48951,839773087885980



9695,404175364437833	48957,322121445613450



9605,338520354413049	48902,852337762407840



9622,787639426805981	48897,546839351700330



9635,830415299098604	48877,916495232107990



9668,437354979831071	48862,235892414435510



9627,370236354907320	48855,692444374566550



9699,986772292540991	48764,261021763471940



9594,763296674174853	48748,875076372438340



9593,705774306152307	48709,791238080266340



9587,184386370005086	48727,122532888555720



9445,565682596710758	48818,553955499650330



10068,354730465041939	48810,772557830627200



10152,956519906943868	48856,576694109680830



10239,849607812897375	48792,203313393169080



10212,706533700287764	48773,810918902730920



10192,084847523823555	48773,810918902730920



10340,048685505260437	48793,794962916377700



10311,848089024626461	48760,016623034905940



10290,168880480137886	48753,473174995044240



10262,586338725408496	48741,093678703407930



10268,050204293531351	48716,157836173108080



10285,762537280039396	48713,328237020730740



10214,821578436334676	48714,919886543939360



10234,385742244774519	48713,858786861805130



10234,385742244774519	48676,897147933908860



10353,091461377553060	48721,993884424875430



10368,249281985894413	48713,328237020730740



10372,655625185992903	48654,673097076374690



10400,856221666626880	48650,251848400788730



10367,191759617870048	48637,164952321058080



10442,099594019553479	48587,116417313438440



10561,686581792351720	48736,849279974841920



10546,528761184012183	48718,456885484411030



10664,266251490658760	48757,540723776583040



10768,255951012995860	48795,740312333633480



10854,530984193046610	48825,627953380586400



10706,567146211609720	48723,939233842138490



10654,219788994432750	48589,238616677714160



10607,688804801386140	48590,299716359855660



10704,804608931570330	49090,077389192774720



10726,660071204061750	49090,077389192774720



10723,487504099990470	49026,116750837711150



10903,000759394135460	49044,155445434102150



10861,757387041208860	49012,676154863933340



10831,441745824526150	48984,380163340189030



10785,352562629381280	48957,498971392633400



11333,233776096027210	49026,824150625805480



11362,491894944685560	48924,428031299255960



11310,233831269400980	48856,930394003728000



11316,755219205546380	48819,791905128819060



11283,267010884794220	48817,669705764536040



11252,775115940108660	48845,965697288280360



11226,865817923526260	48905,328237020730740



11209,416698851133330	48804,582809684805400



11326,801681701772400	49376,515260903266610



11305,122473157285640	49374,393061538983600



11342,046462496226010	49342,913770968822060



11368,132014240813080	49262,270195126155160



11165,353266850142970	49236,862845222189210



11015,803145316671360	49492,646633630232820



10687,531743587182060	49496,183632570697220



10669,025102146764770	49499,543781564141680



10660,388669474570630	49475,492188768963390



10610,508864449449900	49502,727080610566190



10583,365790336840290	49506,087229604010640



10603,987476513302680	49464,704342000535690



10460,782489187973624	49462,051592795185570



10460,958742915978291	49389,955856877044420



10436,988235907439957	49355,116417313438440



10608,570073441405840	49412,415800149014100



10605,221252609331710	49362,367265141394460



10610,685118177454570	49341,675821339660620



10583,542044064843140	49334,071273617650150



10534,632801221634509	49348,572969273569470



10502,202115268904890	49322,399177114108170



10560,805313152332020	49265,453494172572390



10595,527297569113220	49265,453494172572390



10518,417458245268790	49257,141546662474860



10565,387910080435180	49237,570245010283540



10591,473461825022240	49223,422249248411390



10589,182163360970660	49199,370656453233100



10625,137923873779070	49204,853004810960560



10689,999295779236490	49257,848946450569200



10693,348116611312430	49240,753544056708050



10706,390892483605060	49194,949407777647140



10849,067118624923750	49192,296658572297020



10828,445432448459540	49175,849613499121920



10836,200596480633980	49132,344526531363960



10892,601789441901930	49137,826874889091420



10693,348116611312430	49148,261021763471940



10631,483058081921630	49175,495913605074740



10601,167416865240740	49145,961972452169000



10577,373163584705250	49185,222660691360940



10515,244891141197513	49206,621504281189120



10178,337056739514082	49173,020014346744580



9987,191055397106538	49508,386278915313600



9948,238981508231518	49493,000333524280000



9918,980862659573177	49506,087229604010640



9922,153429763644453	49480,090287391569290



9883,025102146764766	49471,247790040397380



9861,698401058285526	49426,740645857913480



9771,808999776265409	49337,431422611094600



9750,395338501673905	49331,772224306347200



9780,269178720454875	49213,872352109152420



9784,675521920555184	49196,364207353835810



9739,643861093432861	49086,009840411235930



9717,964652548944287	49244,997942785266780



9616,971266402673791	49336,193472981933160



9607,277311362457112	49363,428364823535960



9812,171103489172310	49827,836048251774630



9935,901220547953926	49859,492188768963390



9896,772892931074239	49839,861844649363780



9939,426295108032718	49782,090954440122000



9962,163026020543839	49694,903930557586140



9939,426295108032718	49683,054984107016940



9945,947683044179939	49644,855395549966490



9980,845921188963985	49593,627953380586400



9967,626891588666695	49638,311947510097520



10075,933640769211706	49610,605548294835900



10062,890864896919084	49603,001000572832710



10025,877582016086308	49595,396452850822240



10062,890864896919084	49527,839773087885980



9923,210952131668819	49555,605214770555900



9813,581133313204191	49638,311947510097520



9772,337760960277592	49705,868627273033780



9772,514014688280440	49598,049202056172360



9702,630578212600085	49625,991493685869500



9724,309786757086840	49586,907655393697500



9739,467607365428194	49547,646967154505540



9750,219084773669238	49519,350975630761240



9793,135700864744649	49518,466725895646960



9726,424831493135571	49468,241340941000090



9410,843698179929561	49854,186690358255880



9396,743399939612573	49851,003391311838640



9518,797939904467057	50187,843497923997340



9501,348820832075944	50194,386945963866310



9512,276551968321655	50204,290542997172450



9557,750013793343896	50177,055651155569650



9531,840715776761499	50154,065158042532860



9537,128327616879687	50128,068215830091500



9526,376850208638643	50086,685328226616550



10114,885714658088546	50168,213153804405010



10183,272161123624755	50071,299382835582940



10147,316400610816345	50029,916495232107990



10142,028788770698156	50003,624895593027760



10452,851071427796342	50094,820425789694120



10421,477907843091089	50001,325846281724800



10409,492654338821012	49971,968755075839000



10384,464624962258313	49970,907655393697500



10379,177013122140124	49931,646967154505540



10341,106207873282983	50000,264746599583300



10346,570073441405839	49983,817701526408200



10525,291353637423526	50227,221993642808230



10574,553103936641490	49858,961638927889000



10622,141610497712460	49850,295991523744300



10660,212415746567790	49909,010173935508640



10681,891624291054540	49912,370322928953100



10680,834101923030180	49865,505086967757960



10652,633505442396200	49831,726747086286200



10550,406343200098490	49805,258297500186020



10492,155652772678877	49732,572969273569470



10629,720520801882230	49649,630344119599620



10602,224939233263280	49586,023405658583220



10693,348116611312430	49553,483015406280180



10697,225698627398740	49811,801745540054980



10774,248577765130900	49762,814310214569560



10761,205801892838280	49723,730471922397560



10854,178476737037270	49642,556346238663540



10881,674058305656220	49592,390003751424960



10864,401192961267950	49578,242007989552800



10594,646028929093520	49561,087563128283360



10582,837029152828110	49533,852671286680560



10518,769965701278124	49536,682270439057900



10462,192519012005505	49528,016623034905940



10792,755219205546380	50005,923944904330710



10806,855517445863370	49975,505754016310680



10739,702847076354370	49960,119808625269800



10749,396802116572870	49922,097070015239300



10676,780266178939200	50053,968088027286280



10927,676281314690640	50224,038694596383720



11145,436595585695610	50196,509145328149320



11375,358417088975330	50099,418524412300030



11193,201355874769430	50091,990826637316780



11062,510383237720820	50141,508811803869320



10953,938086787280550	50087,039028120663720



11018,094443780722940	50040,173792159461300



11065,682950341792090	50023,903597033313420



10948,474221219157700	50002,740645857913480



10862,638655681228560	49986,470450731758320



11064,449174245764880	49933,061766730694220



11071,586283552036550	49912,724022823000270



11106,308267968815930	49899,637126743269620



11147,551640321742520	49894,154778385549440



11145,436595585695610	49856,132039775518940



11132,393819713402990	49845,167343060064020



11139,972730017572760	49805,258297500186020



11037,306100133155270	49848,173792159461300



10978,789862435838590	49838,447045073175100



10935,607699074867920	49810,210096016839090



11394,217565985398320	49707,813976690296840



11099,786880032668700	50555,573302797849460



11087,801626528400450	50533,820759313966840



11105,250745600791560	50508,708066836647050



11058,985308677642020	50525,508811803869320



11099,786880032668700	50480,412075312902740



11054,578965477543530	50420,990493113044060



11057,927786309617660	50403,659198304747400



11108,423312704862840	50376,837048824600060



11070,528761184012180	50371,354700466872600



11038,363622501177820	50328,910713181263420



11043,827488069300670	50262,591983047488610



10990,598862212104000	50273,379829815916310



10871,275088353422690	50258,170734371902660



10891,896774529885080	50369,232501102596870



10922,388669474570630	50360,566853698452180



11032,899756933054960	50419,929393430902560



11022,148279524813920	50410,025796397589140



11006,990458916472560	50415,508144755316600



11018,799458692737970	50398,176849947019940



10648,403415970302380	50446,810585378458200



10600,638655681228560	50403,128648463680290



10593,235999105061640	50378,782398241855840



10494,094443780722941	50356,145605022866220



10422,535430211113635	50345,180908307411300



10514,716129957187150	50235,357091205885810



10513,658607589162784	50212,366598092841740



10543,269233893828641	50165,029854757980500



10445,272161123624755	50231,996942212441360



10377,061968386091394	50306,097070015239300



10245,313473381020231	50389,393395063263600



10345,512551073383293	50376,837048824600060



10515,421144869202180	50547,968755075839000



10504,493413732956469	50570,959248188883060



10366,662998433857865	50570,959248188883060



10339,519924321248254	50561,055651155569650



10353,620222561565242	50532,759659631825340



10308,146760736543001	50537,180908307411300



10307,089238368518636	50512,068215830091500



9676,897533924022355	50435,669038715983340



9706,155652772678877	50429,125590676114370



9621,553863330776949	50478,113026001599790



9607,629818818464628	50284,167676584344010



9430,055354532361889	50456,183632570697220



9430,055354532361889	50437,614388133239120



9339,813445794334257	50643,939233842138490



10491,803145316671362	50625,546839351700330



10442,980862659573177	50592,829599152377340



10624,609162689766890	50721,753210532428060



10546,528761184012183	50758,714849460324330



10554,107671488181950	50729,357758254438520



10571,556790560574880	50666,222327167080950



10606,278774977354260	50660,739978809360760



10684,359176483110790	50642,347584318922600



10755,918190052718270	50647,653082729630120



10740,584115716374070	50581,747094957310760



10925,561236578641910	50815,778339881471760



11168,173326498206730	50809,411741788630020



11186,503714210619360	50702,299716359855660



11185,446191842595000	50672,942625153969860



11177,691027810420560	50656,672430027821980



11152,839252161862530	50642,524434265949820



11112,653402176958480	50610,868293748761060



11203,776579555007630	50547,968755075839000



11298,601085221138420	50985,318396609494810



11274,630578212600080	50979,836048251774630



11251,893847300088960	50962,917495804933420



11242,199892259870470	50892,000667048552720



11419,774356545973210	50901,904264081866130



11419,774356545973210	50920,473508519316960



11317,988995301575410	50739,438205234771880



11284,324533252818580	50728,473508519316960



11271,281757380524140	50703,360816041997170



11524,997832164339340	51274,762717419391260



11528,170399268410620	51225,775282093905840



11475,118027139216790	51269,280369061663800



11398,095148001486450	51246,466725895646960



11441,453565090459960	51208,267137338589240



11456,611385698801310	51166,884249735114280



11479,524370339317100	51148,197197818044520



11495,739713315681000	51120,962305976441710



11429,468311586191700	51166,589592308482680



10989,541339844081450	51359,061099682141500



10648,579669698305220	51120,785456029421760



10650,870968162356800	50881,743370121199400



10619,321550849648700	50866,534274677185750



10485,458011108528808	50953,544448612694400



10467,127623396116178	50869,717573723602980



10869,865058529390810	51403,627286332033690



10676,780266178939200	51365,427697774983240



10634,303117729985390	51378,514593854713900



10581,250745600791560	51401,328237020730740



10540,449174245764880	51389,302440623141590



10582,308267968815930	51379,575693536855400



10581,250745600791560	51363,305498410700240



10543,974248805843672	51318,975204175236280



10571,556790560574880	51234,617779445077760



10508,194742021039929	51182,977594914249500



10481,051667908430318	51174,135097563077580



10462,545026468013020	51268,926669167616640



10464,836324932064599	51221,000333524280000



10436,459474723427775	51215,517985166552540



10369,306804353916959	51235,148329286144870



10361,727894049747192	51202,431089086821880



10398,564923202575301	51140,238950201994160



10361,727894049747192	51156,685995275169260



10327,005909632965995	51172,012898198794580



10317,135700864744649	51189,521042954111180



10280,740472709816459	51138,116750837711150



10297,747790784309473	51100,094012227680650



10299,862835520356384	51055,350975630761240



10281,974248805843672	51311,547506400253040



10239,673354084892708	51174,311947510097520



10168,114340515285221	50968,753544056708050



10171,463161347359346	50927,370656453233100



10147,492654338821012	50953,367598665674450



10155,071564642990779	50929,492855817516100



10221,342966372481897	50850,087229604010640



10202,836324932064599	50820,553288451097620



10181,157116387577844	50798,800744967222270



10210,415235236236185	50788,012898198794580



10122,640878690262980	50817,369989404680380



10123,698401058285526	50859,813976690296840



10086,861371905457418	50853,270528650427880



10088,976416641506148	50835,939233842138490



10084,570073441405839	50792,257296927360580



10098,670371681722827	50785,890698834511570



10036,805313152332019	50851,148329286144870



10026,053835744090975	50877,322121445613450



9757,797995077840824	51397,083838292172000



9623,316400610816345	51383,996942212441360



9765,816373024130371	51221,177183471299940



9765,816373024130371	51183,154444861269440



9722,899756933054960	51168,475899258330180



9590,533207202079211	51048,984377537919500



9525,319327840614278	50996,813643166016840



9524,261805472589913	50970,875743420991060



9465,129846405150602	50997,697892901138400



9391,279534371489717	51048,984377537919500



9497,736786085883068	51487,277311274105160



9772,161507232272925	51455,444320809889180



9745,283980389558565	51818,576027061128120



9711,619518340801733	51797,884583259394280



9729,068637413194665	51768,527492053508470



10058,660775424823441	51629,936176054572570



10079,282461601287650	51611,543781564141680



10204,070101028093632	51531,843497923997340



10201,602548836037386	51852,884916783667000



10216,760369444378739	51818,045477220061000



10304,269178720454875	51742,412742361455460



10328,063432000990360	51743,473842043596960



10341,106207873282983	51740,290542997172450



10355,206506113599971	51723,843497923997340



10297,747790784309473	51720,660198877580120



10868,631282433363590	51829,010173935508640



10930,496340962754400	51815,923277855778000



10993,418921860167760	51811,502029180192040



11166,410789218167340	51858,720965035441620



11188,089997762654090	51847,756268319993980



11370,247058976859990	51825,119475100997080



11396,332610721447050	51802,305831934980240



11419,069341633956360	51804,428031299255960



11439,691027810420560	51787,096736490966580



11466,834101923030180	51763,045143695781000



11408,141610497712460	51754,379496291636320



11436,694714434353960	51712,348251367475320



11417,130550625914110	51701,383554652027670



11379,059745377056970	51715,531550413899820



11373,772133536938780	51680,692110850293830



11397,566386817474270	51655,756268319993980



11314,111413285487290	51691,303107671694300



11189,323773858683130	51668,489464505677460



11209,945460035145520	51705,451103433566460



11220,873191171391230	51727,203646917441800



10892,601789441901930	51708,988102374030860



10945,654161571093940	51665,483015406280180



10931,553863330776950	51666,544115088421680



10956,581892707339650	51646,913770968822060



10983,724966819951080	51649,212820280125020



11070,000000000000000	51530,074998453768780



11095,028029376562700	51508,322454969886160



11021,443264612798880	51526,714849460324330



11002,055354532361890	51541,923944904330710



10996,591488964239030	51526,714849460324330



10977,027325155799190	51528,837048824600060



10985,663757827993320	51486,393061538983600



10959,578206083408080	51481,087563128283360



11007,342966372481900	51477,727414134838910



11011,749309572580390	51437,405626213505460



10777,244891141197510	51549,351642679313960



10853,473461825022240	51552,299049311302950



10958,696937443388380	51597,926335643343920



10786,057577541396310	51479,849613499121920



10740,407861988369400	51487,454161221125100



10703,570832835541300	51509,206704705007720



10737,235294884298130	51424,318730133774800



10585,304581344884350	51431,923277855778000



10561,334074336344200	51445,010173935508640



10529,345189381514501	51462,341468743805310



9330,295744482120426	51892,145605022866220



9446,270697508727608	52031,798020703936340



9526,905611392649007	52546,077389192774720



9750,395338501673905	52566,768832994508560



9720,079697284993017	52531,929393430902560



10125,637192066329590	52564,469783683205600



9994,241204517265942	52560,755934795713980



10004,992681925506986	52493,258297500186020



9894,305340739019812	52522,733196185683480



9906,290594243288069	52495,380496864469020



9874,917430658582816	52469,206704705007720



9894,305340739019812	52396,344526531363960



9816,224939233263285	52445,331961856849380



9856,410789218167338	52391,923277855778000



9813,052372129192008	52370,170734371902660



9769,517701312213831	52374,591983047488610



9707,036921412698575	52400,588925259929960



9627,898997538919502	52405,010173935508640



9723,428518117067142	52323,305498410700240



9674,606235459970776	52359,206037656455010



9587,889401282020117	52300,727747659118900



9566,210192737533362	52284,280702585943800



9586,831878913997571	52255,984711062199500



9618,381296226705672	52266,949407777647140



9640,060504771194246	52260,405959737778180



9623,668908066825679	52248,380163340189030



9543,473461825022241	52246,257963975913300



9567,267715105557727	52220,084171816444720



9600,932177154314559	52210,357424730158520



9601,989699522337105	52178,701284212969760



9543,473461825022241	52191,788180292700420



9554,224939233263285	52155,887641046952920



9517,387910080435176	52165,614388133239120



9493,154189157779911	52202,929726955175280



9464,953592677145934	52130,067548781538790



9459,313473381020231	52078,486406718118820



9412,782489187973624	52196,386278915313600



9372,596639203071391	52155,180241258858580



9301,213879361466752	52493,435147447213240



9390,222012003467171	52381,312281034377520



9444,331906500683544	52370,347584318922600



9444,331906500683544	52327,903597033313420



9391,279534371489717	52362,743036596919410



9344,572296450440263	52334,447045073175100



9281,649715553026908	52391,039028120663720



9254,506641440415478	52400,942625153969860



9428,997832164339343	52248,733863234236200



9391,984549283506567	51992,537332464744400



9782,736730912511121	52046,122866412835720



10637,123177378049150	52538,649691417791480



10631,130550625914110	52357,260688239191950



10497,443264612798885	52492,197197818044520



10503,964652548944287	52438,788513816980410



10511,543562853115873	52419,158169697380800



10587,595879808935930	52436,666314452697400



10558,161507232272925	52297,367598665674450



10473,472757604258732	52353,900539245747500



10557,280238592253227	52327,726747086286200



10537,452860869698270	52208,412075312902740



10482,285444004457531	52301,965697288280360



10495,151966148747306	52251,917162280660700



10429,056818147260856	52274,907655393697500



10425,707997315184912	52299,843497923997340



10430,114340515285221	52322,244398728558740



10438,750773187479354	52085,383554652027670



10511,543562853115873	52075,656807565741480



10461,663757827993322	51981,926335643343920



10187,149743139712882	52313,284093897775160



9993,007428421238728	52181,000333524280000



10331,235999105061637	51943,903597033313420



10402,795012674670943	51908,592650096041320



10467,832638308133028	51873,753210532428060



10676,427758722931680	51927,515594427546600



10908,112117506250800	52368,402234901666820



10892,778043169906600	52363,980986226080860



10930,848848418761920	52233,701617737249760



10842,898238144784040	52296,837048824600060



10728,598862212104000	52365,926335643343920



10860,347357217176980	52231,402568425946810



10872,332610721447050	52210,711124624205700



10841,840715776761500	52198,862178173636500



10835,319327840614280	52174,810585378458200



11036,072324037126240	52134,488797457124740



11120,056058753125400	52161,369989404680380



11181,921117282516210	52339,045143695781000



11003,641638084398440	52092,988102374030860



11005,756682820445350	52066,991160161596780



11002,407861988369400	52046,299716359855660



10990,598862212104000	52035,335019644408020



10988,307563748052420	52004,916828756380710



10968,919653667617240	51998,373380716519020



10976,498563971787010	51966,717240199330260



10777,244891141197510	51935,768499470235840



10882,026565761663730	51927,338744480519380



10839,725671040712770	51911,068549354364220



10951,470534595224310	51944,964696715447640



10951,470534595224310	51908,946349990088500



10941,776579555007630	51901,341802268078020



10918,863594914491840	51900,103852638916580



11466,657848195027330	52563,585533948091320



11460,312713986884770	52434,013565247347280



11466,834101923030180	52417,743370121199400



11674,019192513798770	52408,724022823000270



11614,621686176464210	52311,692444374566550



11639,473461825022240	52282,335353168680740



11400,562700193540880	52282,512203115707960



11346,276551968321660	52251,917162280660700



11325,744159333749850	52192,849279974841920



11334,467552192056250	52105,190748718647230



11340,988940128201650	52073,711458148485690



11460,312713986884770	52071,412408837182740



11436,342206978346440	52056,203313393169080



11501,556086339811370	52050,720965035441620



11474,413012227201760	52037,634068955710980



11277,098130404656330	51894,090954440122000



11688,648251938127940	53097,848946450569200



11370,775820160872170	53010,544115088421680



11561,834861317165630	52962,617779445077760



11538,921876676651660	52951,829932676650060



11526,055354532361890	52909,385945391033600



11366,545730688776530	52936,443987285616460



11383,113581121149760	52821,904264081866130



11382,056058753125400	52782,820425789694120



11291,022174916968650	52886,100794851357930



11227,042071651530930	52765,312281034377520



11191,262564866725370	52768,495580080794760



11097,848089024626460	52686,142547235300300



11088,154133984407960	52638,393061538983600



11174,694714434353960	53049,451103433566460



11132,393819713402990	52972,167676584344010



11134,508864449449900	52951,476232782602890



10575,963133760673370	53051,750152744869410



10594,293521473086000	53042,023405658583220



10425,884251043189579	53002,585867472364040



10436,106967267418440	52729,058041894582860



10327,182163360970662	52981,894423670630200



10333,703551297117883	52928,485739669558820



10342,692491425319531	52873,898148506741560



10304,797939904467057	52830,216211591963660



10296,161507232272925	52835,698559949691120



10394,863594914491841	52754,170734371902660



10392,748550178444930	52694,454494745405100



10312,376850208638643	52709,427697774983240



10050,200596480633976	52849,139155923468940



10019,797995077840824	52795,199922081330440



9947,181459140207153	52821,373714240791740



9948,238981508231518	52779,990826637316780



9923,210952131668819	52751,694835113572480



10107,835565537929142	52655,547506400253040



10132,863594914491841	52618,585867472364040



10094,792789665636519	52626,190415194374510



10090,562700193540877	52596,833323988488700



10121,935863778246130	52598,955523352771700



10102,371699969806286	52553,151387073710800



9666,498563971787007	52616,463668108088320



9567,796476289568091	52643,521710002663900



9464,072324037126236	52582,154778385549440



10473,120250148251216	53700,730138398124840



10498,148279524813915	53678,977594914249500



10416,895310914987931	53506,784788980869050



10379,000759394135457	53489,453494172572390



10353,091461377553060	53437,872352109152420



10197,196205635938895	53500,241340941000090



10187,678504323725065	53379,865569485475140



10096,555326945675915	53208,026463446141860



10105,191759617870048	53176,370322928953100



9964,101817028587902	53414,705009049088400



9943,480130852123693	53358,113026001599790



9953,350339620346858	53272,753544056708050



9924,092220771688517	53227,126257724674360



9906,643101699295585	53359,174125683741300



10030,107671488181950	53603,698559949691120



10010,632801221634509	53597,862511697916490



9940,131310020049568	53672,434146874380530



9915,103280643486869	53682,160893960666720



9838,080401505754708	53629,518652215105250



9961,810518564536324	53561,961972452169000



9922,682190947656636	53490,160893960666720



9891,485281090956050	53456,087896652563360



9859,935863778246130	53395,251514876508740



9842,662998433857865	53358,113026001599790



9747,575278853610143	53473,006449099397280



9787,319327840614278	53428,853004810960560



9799,304581344884355	53418,065158042532860



9801,419626080931266	53309,125590676114370



9733,651234341297823	53320,443987285616460



9785,204283104567367	53199,891365883064280



9775,334074336344202	53170,534274677185750



9788,376850208638643	53126,852337762407840



9883,906370786784464	53092,012898198794580



9741,230144645467590	53177,785122505141770



9641,470534595224308	53197,415466624741380



9548,232312481130066	53177,785122505141770



9674,077474275958593	53067,666647976977400



10330,883491649054122	53870,447045073175100



10406,848848418761918	53776,775615618185840



10335,289834849152612	53769,171067896175380



10348,332610721447054	53740,875076372438340



10312,553103936641492	53756,084171816444720



10318,016969504764347	53723,366931617121740



10181,862131299592875	53813,029854757980500



10147,140146882813497	53853,351642679313960



10138,503714210619364	53826,116750837711150



10115,766983298108244	53856,652749205350120



10781,827488069300670	53615,901206294300210



10750,454324484595420	53586,544115088421680



10844,132014240813080	53487,154444861269440



10942,834101923030180	53485,916495232107990



10710,268474499693180	53517,926335643343920



10960,283220995423110	53339,013231723074570



10834,438059200594580	53322,566186649899460



10815,931417760179100	53310,717240199330260



10801,567905605745180	53275,406293262058170



10750,630578212600080	53228,717907247882980



10835,671835296621790	53169,650024942064190



10801,567905605745180	53157,801078491502260



10723,487504099990470	53202,544115088421680



10686,650474947162370	53197,061766730694220



10671,492654338821010	53209,087563128283360



10731,066414404160240	53116,595040835047260



11198,665221442892290	53548,344526531363960



11245,372459363941740	53526,591983047488610



11268,285444004457530	53464,046144268613720



11341,870208768221350	53455,380496864469020



11295,428518117067140	53448,837048824600060



11261,764056068310310	53441,232501102596870



11234,797235683705370	53408,515260903266610



11341,870208768221350	53422,840106612158700



11361,434372576661190	53395,605214770555900



11293,313473381020230	53284,366598092841740



11244,491190723922050	53220,052259843738280



11254,361399492145210	53151,611330345680470



11223,869504547459660	53143,829932676650060



11397,390133089469600	53258,782398241855840



11605,632746048260740	53236,676154863933340



11573,115099909420680	53226,242007989552800



11652,339983969312020	53180,084171816444720



11663,091461377553060	53135,341135219525320



11497,149743139712880	53206,611663869953190



11466,834101923030180	53180,437871710491890



11420,126864001980720	53170,711124624205700



11416,954296897909440	53140,116083789158440



11389,811222785299830	53147,720631511168900



11818,370995749044600	53992,119808625269800



11791,227921636433170	53950,736921021794840



11759,678504323725060	53945,254572664074660



11805,328219876750150	53885,479290570161540



11727,247818370995450	53890,961638927889000



11678,425535713897260	53928,984377537919500



11747,693250819454990	53847,338744480519380



11771,487504099990470	53765,810918902730920



11712,971266402673790	53799,589258784202680



11680,540580449945990	53779,958914664603070



11664,148983745577420	53738,576027061128120



11633,833342528894720	53793,045810744333720



11602,283925216186620	53773,415466624741380



11616,384223456503600	53760,328570545010740



11592,150502533848340	53793,399510638380890



11588,801681701772400	53737,868627273033780



11582,280293765626990	53675,794295867824980



11591,269233893828640	53649,856396122791920



11637,005909632966000	53644,727747659118900



11714,028788770698160	53645,788847341253130



11683,713147554017270	53625,097403539519290



11405,497804577651550	53835,843497923997340



11249,778802564042050	53613,955856877044420



10739,350339620346860	54045,528492626341180



10737,235294884298130	53961,701617737249760



9533,779506784803743	54077,656140517188760



9533,779506784803743	54160,245065777111450



9536,952073888875020	53992,296658572297020



9495,445487621831489	53939,064824518252860



9461,781025573074658	53911,829932676650060



9442,040608036631966	53850,522043526943890



9524,085551744587065	54361,618112969357760



9547,879805025120731	54279,029187709427790



9809,703551297117883	54347,470117207485600



9885,668908066825679	54356,312614558650240



9970,270697508727608	54386,730805446677550



10055,135700864744649	54221,258297500186020



9764,053835744090975	54308,386278915313600



9760,881268640019698	54239,768499470235840



9712,853294436828946	54133,187023882535870



9840,195446241803438	54143,621170756916400



9840,195446241803438	54106,659531829027400



9870,511087458484326	54148,042419432502360



9824,861371905457418	54113,202979868889090



9855,353266850142973	54090,389336702872240



9930,084847523823555	54080,485739669558820



9943,127623396116178	54053,250847827956020



10022,441800997899918	54175,277311274105160



10011,514069861654207	54168,733863234236200



9991,949906053214363	54170,856062598519200



9978,907130180921740	54144,682270439057900



10000,762592453411344	54133,894423670630200



10043,326701088479240	54119,923277855778000



10027,992626752135038	54103,653082729630120



10125,813445794334257	54104,714182411764340



9971,328219876750154	54382,309556771091600



11650,929954145280140	54192,785456029421760



11615,150447360474570	54191,724356347280260



11682,479371457988240	54400,348251367475320



11681,421849089965690	54370,991160161596780



11658,685118177454570	54385,139155923468940



11494,153429763644450	54438,311947510097520



11404,087774753619670	54449,099794278525220



11435,460938338324920	54416,087896652563360



10234,209488516769852	54500,386278915313600



10165,646788323228975	54459,533941152905760



10491,803145316671362	54600,837048824600060



10459,724966819951078	54735,007116147950000



10446,858444675661303	54766,840106612158700



10437,516997091450321	54816,475899258330180



10439,279534371489717	54806,985044586472220



10370,011819265933809	54363,740312333633480



10769,313473381020230	54148,749819220596690



10665,147520130678460	54248,434146874380530



10677,132773634948540	53936,058375418855580



11871,862835520356380	55079,039028120663720



11814,317160004951800	55023,508144755316600



11727,071564642990780	55121,483015406280180



11689,353266850142970	55124,135764611630300



11671,199132865735010	55084,875076372438340



11648,991163137236070	55128,026463446141860



11648,991163137236070	55102,029521233707780



11712,618758946666280	55235,138488874916220



11549,673354084892710	55198,412742361455460



11480,581892707339650	55237,791238080266340



11504,023638531867620	55048,267137338589240



11506,843698179929560	54998,100794851357930



11625,901924768717440	54898,534274677185750



11473,002982403169880	54837,521042954111180



11502,966116163843250	54820,543448039868960



11476,880564419256190	54823,019347298191860



11436,518460706349290	54952,473508519316960



11397,213879361466750	55024,746094384478060



11370,247058976859990	54965,560404599047620



11366,016969504764350	55212,855395549966490



11339,931417760179100	55225,942291629697140



11279,213175140703240	55187,801745540054980



11276,569369220644150	55148,541057300855760



11294,899756933054960	55134,216211591963660



11319,575278853610140	55095,132373299791650



11220,696937443388380	55169,586200996644040



11222,811982179435290	55199,945349417255780



11218,053131523327470	55102,913770968822060



11203,776579555007630	55097,608272558121820



11222,283220995423110	54849,900539245747500



11153,191759617870050	54984,483348930552900



10901,061968386091390	54909,322121445613450



11108,952073888875020	54819,836048251774630



11086,920357888380750	54793,367598665674450



11056,165249029578260	54815,237949629161450



10993,771429316175270	54797,965697288280360



11115,473461825022240	54737,129315512233000



11043,298726885288490	54766,486406718118820



11067,974248805843670	54675,054984107016940



10948,297967491153030	54669,926335643343920



10142,028788770698156	55000,046144268613720



10071,703551297117883	54899,595374359327250



10063,948387264943449	54896,942625153969860



10055,135700864744649	54806,631344692425040



10012,924099685686087	54798,849947023394640



9833,321550849648702	54810,698893473963840



9567,972730017572758	54915,865569485475140



9450,148279524813915	54999,515594427546600



9718,669667460961136	55105,035970333105070



9696,637951460465047	55183,380496864469020



9698,929249924516625	55286,071273617650150



9680,775115940108662	55271,746427908758050



9656,099594019553479	55303,048868531899640



9520,560477184506453	55471,350975630761240



10467,832638308133028	55241,151387073710800



10577,196909856700590	55283,418524412300030



10718,728653443882650	55509,196864293771800



10804,564218981811790	55560,129649036505720



10818,222716224230680	55552,701951261522480



10823,334074336344200	55536,962305976441710



10883,260341857690950	55540,853004810960560



11190,557549954710340	55627,980986226080860



11220,520683715383710	55629,395785802269530



11147,551640321742520	55618,961638927889000



11261,587802340307460	55530,418857936580020



11344,514014688280440	55558,007449672230000



11313,582652101475100	55525,113359525872510



11410,961670145774410	55526,705009049088400



11477,233071875265520	55507,074664929488790



11540,684413956691060	55658,929726955175280



11564,126159781217210	55631,517985166552540



11841,812741573570750	55770,522043526943890



11780,476444228192120	55747,001000572832710



11776,422608484101150	55780,366598092841740



11745,225698627398740	55798,582142636252680



11729,539116835047020	55780,366598092841740



11669,612849313700280	55783,019347298191860



11558,662294213094360	55840,495580080794760



11357,204283104567370	55767,692444374566550



11339,931417760179100	55788,324845708892100



11328,564218981811790	55755,136098135903010



11295,957279301079320	55727,724356347280260



9496,503009989855855	55842,794629392104980



9502,582596928103158	55759,026796970421860



9536,423312704862838	55742,049202056172360



9563,742640545477116	55752,483348930552900



9428,821578436334676	55801,058041894582860



9489,805368325705786	56009,858786861805130



9552,991163137236072	55976,080446980333360



9585,421849089965690	55973,427697774983240



9676,545026468013020	56017,817034477855480



9667,556086339811372	55972,189748145821800



9623,140146882813497	55983,861844649363780



9597,583356322238615	55938,293600784738380



10022,618054725902766	55992,527492053508470



9983,842234565032413	55924,853004810960560



9838,080401505754708	55845,270528650427880



9797,718297792847807	55855,704675524808410



9763,877582016086308	55864,724022823000270



9687,472757604258732	55760,441596546610520



9993,712443333253759	55569,325846281724800



10034,337760960277592	55565,611997394233180



10941,952833283010480	56016,225384954646870



10896,479371457988240	55990,051592795185570



10851,358417088975330	55959,338744480519380



10650,870968162356800	55485,852671286680560



11972,503714210619360	56712,129649036505720



11965,982326274472140	56547,659198304747400



11857,938791008044060	56597,177183471299940



11368,484521696820590	56428,521376478391180



11400,386446465538030	56740,720297986888910



11370,775820160872170	56658,897814982468840



11375,005909632966000	56356,720297986888910



11415,368013345874720	56368,392394490430890



11502,789862435838590	56217,421582199858680



11257,886474052224000	56667,032912545539150



11216,290594243288070	56686,663256665138760



11221,401952355403410	56630,424973511697320



11229,157116387577840	56608,141880186747580



11208,711683939118300	56385,546839351700330



11234,973489411708220	56337,502696228744760



11250,483817476057080	56308,676154863933340



11199,722743810916650	56306,023405658583220



11248,016265284000840	56289,045810744333720



11167,292057858187040	56270,830266200930060



11142,440282209629000	56260,396119326549520



11061,100353413688940	56248,547172875980320



11105,955760512808410	56170,202646344616370



11124,286148225221040	56159,768499470235840



10957,463161347359350	56135,952799089485780



10908,817132418265830	56168,787846768427700



10893,130550625914110	56194,961638927889000



10908,817132418265830	56244,479624094441540



10845,013282880832780	56194,961638927889000



10858,056058753125400	56162,244398728558740



10656,863594914491840	56187,003391311838640



11012,101817028587900	56606,373380716519020



11027,788398820941440	56576,308889722538880



10982,138683267914530	56618,222327167080950



10941,776579555007630	56605,135431087350300



10926,266251490658760	56543,768499470235840



10831,089238368518640	56727,869294321593770



11074,230089472095640	56732,290542997172450



10633,245595361961020	56428,344526531363960



10604,692491425319530	56445,322121445613450



10649,813445794334260	56612,032579021266430



10602,929954145280140	56566,405292689225460



10557,808999776265409	56470,257963975913300



10519,122473157285640	56473,971812863397640



10524,410084997403828	56415,080780504613360



10436,283220995423108	56620,698226425411120



10312,729357664646159	56635,023072134303220



10374,594416194036967	56346,698893473963840



10360,317864225715311	56336,087896652563360



10330,354730465041939	56352,475899258330180



10208,476444228192122	56512,878801208549700



9967,274384132659179	56397,926335643343920



9883,906370786784464	56405,884583259394280



9748,456547493629841	56546,951798516653070



9835,965356769707796	56791,122532888555720



10473,649011332263399	56779,980986226080860



10713,441041603764460	56823,309223246818880



10654,748550178444930	56759,289542424347020



10859,466088577157280	56844,000667048552720



10865,987476513302680	56794,305831934980240



11174,165953250341770	56902,891699407344280



11224,927026915482200	56901,476899831155600



11426,295744482120430	56887,328904069283460



11417,306804353916960	56806,331628332569380



11539,626891588666700	56801,026129921869140



11483,578206083408080	56748,855395549966490
