X	Y

14766,740555177666460	65620,289640752438570



14846,614613432160700	65668,389908780649420



14803,239297029058440	65655,480645670133520



14725,496230530045070	65657,425877097746700



14903,743078938687180	65522,368106160560280



14805,355166121891670	65512,465109801807560



15071,234259458755330	65546,771918616053880



14883,113355283552660	79452,954762566339920



15054,659951564886800	79525,458843050044380



15056,952143082122350	79483,547947746046700



14987,496230530045070	79381,735950298956600



15196,246858360380430	79320,903258380916670



15269,934509098127820	79241,148769848834490



15293,032746694903840	79205,780925710452720



15319,304787930928800	79148,001894215645740



15410,287158922803430	79223,464847779643600



15487,163735962451030	79190,796985623106600



14988,554165076462600	79152,422874732947100



14899,687663177421200	79333,282003829357560



14825,103277655012790	79316,835956305003490



14803,239297029058440	79322,317972146454850



14833,919398875155820	79298,090998911648060



14485,168766068949480	79555,698349788362980



14691,994969893501550	79168,338404595226160



14851,551641315440060	79157,904890574398450



14975,506305670649450	79050,032965952297680



14748,403023039769320	79093,889092683908530



14598,720407384389550	79152,953392395022090



14994,549127506159490	78965,374372912323450



15074,055418249199650	78965,020694470935270



15480,463483835141230	79186,376005105805240



15687,803532270256260	79337,526145125957560



15740,700259591112630	79258,655852697338560



15756,216632938563640	79262,369476331878100



15784,604543267425470	79217,452314276117250



15682,337537113766300	79259,540048800801740



15684,806051055405990	79113,341406960025780



15244,206557797959250	78986,771918616053880



15250,730487500864910	78939,025329029216660



15222,342577172004890	78921,695085401399410



15337,113352795617180	78844,416345959019960



15416,634766201306780	78778,679549533073440



15148,287158922803430	78755,336772401744380



15083,400506742551440	78828,147137655352710



14959,460965049989680	78825,848227786365900



14866,891692238488760	78749,324238898218020



15092,569272811500920	78630,665121813901350



15200,478596546050540	78659,136236345308140



14775,556676397809500	78598,527777319439340



14768,503779421695070	78623,945231427613180



14635,571794084586140	78799,369738354042060



14587,435772222606830	78831,330243627817260



14612,649878912216080	78775,496443560623440



14494,337532137897140	78814,000000000000000



14488,695214557006690	78940,440042794754840



14404,957185628296430	78944,330505649981200



14317,148618275672560	78953,526145125957560



14275,007558843388320	78968,203800443385260



14230,221663045062090	78888,449311911317640



14039,103277655012790	78841,763757648644970



14156,005045034107750	78664,795091407460860



14481,113350307683500	78570,233502008719370



14950,115876556637890	78457,056400765868600



14921,904288652182000	78438,665121813901350



15496,332502031398690	78519,303806449446710



15476,231745649472940	78510,992363076918990



15293,561713968110780	78485,350676076588570



15547,274560021176510	78486,058032959350380



15293,209069119306150	78345,871924622100780



14969,511343240952560	78233,095895492093400



15029,974812148486310	78159,530779684238950



15147,758191649594660	78102,588550621425380



15148,816126196012190	78197,904890574398450



15417,516378323321990	78152,634050077249410



15086,574310381804020	78107,186370359413560



15391,949626784906290	78332,432143849509880



15518,020160232950730	78163,774920980853500



15468,649881400149750	78052,896729606989540



15513,788422047282440	77978,141132925753480



15240,151142036693270	78058,909263110515900



14367,400509230486930	78463,953130372858140



14525,193956408396840	78204,094263298611620



14621,994967405566060	78074,824792972794960



14293,345090981285470	78090,032965952297680



14403,193961384267820	77965,585548256625770



14331,078089803497280	78001,483910057097090



14279,768264302265380	77948,255304628823070



14416,947110487690220	77893,258306993622680



14513,556676397809500	77870,622886745040880



14624,287158922803430	77890,782557903934500



14652,498746827261130	77863,195639475976350



14676,302274121646400	77808,069196291558910



14669,954666843144880	77777,829689553240320



14532,775820657720030	77735,741955028541270



14642,272046211895940	77660,455840685244760



14682,473558975747440	77638,350938098752520



15761,153660821844820	77670,134604151826350



15576,544082472051740	77815,850122002011630



15365,677585548881320	77802,056662788032560



15525,410579395222160	77583,707618904925760



15489,279605055284260	77528,003264386963560



15382,428215867152180	77606,873556815582560



15381,546603745138780	77533,485280228414920



15333,763226731964100	77438,746851609001170



15184,433255925388950	77693,300542062483140



15195,188923813964720	77596,086364353366660



15218,992451108350000	77530,125335035263560



15220,755675352378600	77508,020432448771320



14847,319903129771770	77401,964293705066660



14822,458441288968970	77220,397807725894380



14246,972293363334760	77518,630785690285850



14349,239299516992100	77197,585548256625770



14370,221668020933070	77177,425877097746700



14363,874060742429720	77122,252040241859500



14610,005042546172260	77015,311705394691670



14566,982370991874630	76977,821790607995360



14564,337534625832630	76928,306808814246320



14540,534007331445540	76924,593185179706780



14477,057934546417530	76874,595079395352520



14685,823685039402340	76919,111169338255420



14928,957185628296430	77065,887722512590700



14954,523937166710310	77067,656114719502510



14980,972300827139410	77065,887722512590700



14935,304792906797960	77032,818788243195740



15313,309825501231900	77219,159933181043020



15094,156174631127220	77091,482015841451360



15190,075573506281220	77088,829427531076360



15295,501260636543520	77077,382271857568410



15467,239302004927600	77077,382271857568410



15414,166252259667090	77014,073830849840300



15419,808569840557540	76992,145767484034880



15582,010077628539880	77175,657484890820340



15658,886654668187480	77260,893989264353880



15734,705297161415730	77109,519616352030420



15811,214106689609250	77197,055030594550770



15707,375321378973240	76929,191004917694960



15705,435774710540500	76898,067302075913180



15740,171292317903860	76901,780925710452720



15786,881612122013390	76709,780925710452720



15822,498741851391970	76706,244141296599990



15746,871544445213660	76760,003264386963560



15588,710329755849670	76813,055030594550770



15569,491185495937320	76774,680919704391270



15524,015122662647630	76817,122332670463950



15491,924441421328080	76936,441412966072680



15379,607057076706040	76872,119330305664340



15381,370281320734650	76807,042497091024420



15230,982375967743790	76867,875189009064340



15217,405549288723700	76970,748221780319000



15213,702778376264180	76898,420980517301360



15088,337534625832630	76787,059665152832160



14867,949626784906290	76970,748221780319000



14980,972300827139410	76807,926693194487600



14965,279605055284260	76702,047393671469760



13968,750630318270850	77055,631047712449800



14047,390431601947060	77068,540310822965700



14362,992448620414510	76765,662119449101740



14386,619653490397470	76661,904890574398450



14456,090688705124190	76653,593447201870730



14655,143583193304950	76621,585548256625770



14522,549120042354840	76548,374110890159500



14730,080613564517990	76637,324238898218020



14941,299755336494860	76622,823422801477140



15119,722926169541100	76641,214701753429840



15374,141061920217910	76622,646583580775770



15486,634768689242260	76575,961029318103100



15531,405541824920870	76646,343039153507560



15794,816121220143030	76455,050396036269380



15736,644843829846650	76245,543313187765300



15334,292194005171040	76341,165937910642240



15216,523937166710310	76336,391278951967250



15145,289677707954980	76328,964031682902720



15082,166249771731600	76328,079835579439530



15186,372802593821690	76254,915791884443020



14582,498744339325640	76409,956394759821700



14647,385396519577620	76486,881455760827520



14779,083124885866710	76275,075463043322090



14674,010082604409040	76223,084732159884880



14857,017636471930020	76092,271102519312990



14955,405549288723700	76126,530517662075000



15005,465995156488130	76057,256936822304850



14528,544082472051740	76170,917162055760860



14393,496228042109580	76225,560481249573060



14409,365246238367040	76100,936224333214340



14470,549127506159490	76016,583916063143990



14401,078092291432770	76000,137868538789920



14189,153660821844820	76091,386906415849810



14290,347609766437020	75796,643319193812200



14186,861469304607450	75909,289902774602520



14534,539044901748640	75932,632679905931580



14773,088162456167990	75983,868660235137220



14869,889173453337210	76029,670018394346700



14521,667507920339630	75779,489914786696320



14435,637287474393820	75789,392911145449040



14396,317386832555710	75829,712253463207160



14329,843832832677440	75741,870554450782940



15030,856424270499700	76020,297539697683540



15744,579352927976290	76207,699719959680800



15645,838795262374330	76109,601346147115690



15790,760705458877060	76042,402442284175780



15776,493711744893520	76016,053398401068990



15558,206550334154600	76005,089366718166280



15583,773301872568480	75952,744957393340880



15496,332502031398690	75935,591552986225000



15608,458441288968970	76083,959659146785270



15589,239297029058440	76060,970560456829840



15351,924436445457100	76016,230237621755800



15677,929476503695700	75833,072198656358520



15706,317386832555710	75773,477381283169960



15683,395471660183830	75734,089628740330220



14964,750637782075500	75652,566748001336240



15117,078089803497280	75748,012533503526360



15119,899248593943410	75540,321236533418420



15571,959699437577000	75799,295907504201750



15680,750635294141830	75639,834324111521710



15773,848875378849700	75566,446047524354070



15751,103282630881950	75582,007898945244960



15624,856426758435190	75554,597819737988180



15466,357689882912380	75637,181735801132160



15306,256928525117470	75549,516876009394760



15233,979857182592240	75488,153666429279840



15655,712851028934890	75318,965925898548450



15672,992448620414510	75297,037862532743020



15742,463483835141230	75263,968928263348060



15199,420661999633010	75330,460475243526160



14836,916880090004270	75783,910895303997680



14745,405541824920870	75653,450944104799420



14714,035272943858220	75606,588550621425380



14699,224189294018290	75483,909525132679840



14446,745600211772400	75432,449311911317640



14290,523932190841150	75536,961291340267060



14386,443331065995150	75420,247405683578110



14852,256931013052960	75302,166199932806200



14826,690179474637260	75216,045499455824030



14713,329983246247140	75149,070828485040700



14714,387917792664670	75086,823422801477140



15206,826203824552070	75137,045761477987980



14664,136026837850300	75024,399177897212210



14608,241818302143660	75000,525883103793600



14523,254409739965920	74950,174098878051160



14374,629728631003670	74931,429141484710270



14817,697735830091920	74845,662119449101740



14556,755670376509440	74768,961291340267060



14485,521410917754110	74772,674914974792040



14957,697740805961080	74768,961291340267060



14325,259449798204510	74681,425877097746700



15281,748111533119300	74888,810889297950780



15265,350126063654900	74861,223970869992620



15780,196482657353040	75095,842223056766670



15754,629731118939160	75065,602716318433520



15750,221670508866740	74839,826425166276750



15585,536526116597090	75053,754488532082180



15668,584388010343900	75090,360207215315320



15558,030227909752280	75073,914159690961240



15104,382875246492400	74599,372478696677720



15296,382872758556910	74472,272472690630820



15444,317386832555710	74369,045761477987980



15425,979854694658570	74374,527777319439340



15395,828720121769950	74378,241400953978880



15361,974814636419980	74342,519878374194380



15191,309830477101060	74433,014165697008140



15200,302274121646400	74528,330505649981200



15526,821158790446130	74607,860761289892260



15460,186405028813170	74635,801358159224040



15863,052899464049920	74278,327241263017640



14928,957185628296430	74463,430511656028100



14786,312344286383450	74480,937594504532170



14462,261973559225220	74727,757752919045740



14272,186400052944010	74637,746589586837220



14199,380361437210010	74600,079835579439530



14200,790940832433990	74541,947125643258920



15276,634761225437620	74200,388538609331590



15282,277078806328060	74165,551212133010260



15511,672552954447380	74157,416607981183920



15760,624693548636060	74051,136236345308140



15599,818642493228250	74036,458581027880420



15869,753151591357890	73927,219336311711230



15738,584390498279390	73856,306808814246320



15687,450887421449810	73892,028331394016280



15656,241818302143660	73907,590182814907160



15575,838792774440660	73879,295907504201750



15594,176324912337800	73842,513349600267240



15496,156179606996380	73850,647953752093600



15451,370283808670140	73982,570012388299800



15008,463476371336580	74064,929695559287210



15247,556683861612330	73839,860761289892260



15129,596981936101660	73846,226973234792240



15081,989927347329280	73879,295907504201750



15070,176324912337800	73843,574384924417240



14911,501265612412680	73846,757490896881790



14813,642320068825940	74005,382271857568410



15076,171287342034700	74168,557478884773440



14972,508824455801000	74122,225603063474410



14811,526450975992700	74172,624780960686620



14623,758191649594660	73995,125597057427510



14544,413100668309200	74062,807624910987220



14661,138545623001850	73860,374110890159500



14788,957180652425450	73771,825054994958920



15692,564237729133310	73775,715517850170720



15872,221665532997580	73635,835694282839540



15681,279602567348780	73625,803252374869770



15548,156172143191720	73680,399177897212210



15499,329983246247140	73724,785822290898070



15252,493711744893520	73695,607350876714920



15302,025190339449180	73634,067302075913180



15387,012598901626920	73524,474378918370350



15196,775825633589190	73671,910895303997680



15769,088169919972640	73471,776291152171320



15967,083129861735870	73577,702984346644370



15701,204036524872210	73364,305438642928500



15555,738036392514910	73391,892357070872100



15713,017638959863690	73280,129969593544960



15712,136026837850300	73248,829427531076360



15569,491185495937320	73247,061035324150000



14995,783384476979340	73582,477643305333920



15688,861466816671960	73234,376005105805240



15746,342577172004890	73191,227235256956190



15932,171289829970190	73180,440042794754840



15893,556678885743170	72996,220968505193020



15895,672547978578220	73060,366211944914540



15590,120909151071830	73061,073568827676360



15951,214111665478410	72894,007898945244960



15880,685141904334160	72857,626413154168400



15699,793457129650050	72927,961029318103100



15727,123432912092540	72921,594817373188560



15585,536526116597090	72924,247405683578110



15536,166247283797930	72987,555846691291660



15627,677585548881320	72801,214701753429840



15672,463481347207560	72777,341406960025780



15748,282123840435820	72770,975195015111240



15819,324938212139390	72825,441674988236630



15549,037784265205120	72827,740584857237990



15508,322426890792480	72853,735950298956600



15355,979852206723080	72967,926693194487600



15358,801010997169220	73034,771918616053880



14219,289672732085820	73947,379007470604840



14164,115876556637890	73727,084732159884880



14589,022674042231300	73071,507082848504070



14585,319903129771770	73040,961291340267060



14556,050380678898360	73013,551212133010260



14357,526453463926370	72598,073830849840300



14441,632249904090710	72433,837588498485280



14391,204036524872210	72358,680919704391270



14626,755672864443110	72253,685816284836620



14729,904291140115670	72376,541680994283520



14720,911847495570330	72414,031595780979840



14709,803534758189930	72508,416345959019960



14769,209069119306150	72518,319342317772680



14819,460960074120520	72563,236504373518980



14841,501263124477190	72551,211437366466270



14948,881619585818040	72394,225603063474410



15188,312349262252610	72708,197271669458130



15081,460960074120520	72788,835956305003490



15022,921915172371880	72714,563483614372670



14886,287158922803430	72693,519616352030420



15205,415624429329910	72609,568380194818020



15118,488669198721250	72562,882825932145350



15307,314863071535000	72679,549317917364540



15889,148618275672560	72585,871924622100780



15661,884135883035920	72485,780925710452720



15729,239302004927600	72392,634050077249410



15786,528967273208760	72380,962661511584880



15527,702770912459530	72680,964031682902720



15934,110836498401110	72414,562113443054840



16014,337539601701790	72324,374110890159500



15970,433255925388950	72303,507082848504070



15476,584390498279390	72190,554214497809880



15204,005045034107750	72421,282003829357560



14891,047864381680480	72267,832953940203880



14951,526455951861860	72148,996997635200380



15450,664994111059060	71984,407076842457170



15723,773306848437640	71976,449311911317640



15722,715372302021930	71924,812259469268610



14535,244334599359720	72295,726157138051350



14545,823680063531360	72004,743587222037600



14854,196477681483880	72088,388538609331590



14926,664994111059060	72060,978459402074800



14812,584385522408410	71965,838958669803100



14755,455920015883750	71948,331875821299040



14771,324938212139390	71783,211437366466270



14807,471035214726730	71744,660487255619960



14716,327464461095590	71745,544683359083140



14653,909326222483290	71648,330505649981200



15018,866499411105910	71710,707356882761820



15085,869020684191130	71763,582283869662200



14828,277081294263550	71603,059665152832160



15297,440807304974440	71726,799725965742260



15279,984887289090690	71700,498075754105230



15247,027716588405380	71754,740322835059480



15485,047866869615970	71828,128599422227120



15511,319908105640930	71759,868660235137220



15809,979849718789410	71853,239768760497100



15311,899246106009740	71637,896991629153490



15798,342569708200240	71664,069196291558910



15750,221670508866740	71484,978459402074800



15557,148615787737070	71477,374372912323450



15312,251890954814370	71463,227235256956190



15452,780863203892300	71311,192899133340690



15471,294717766193570	71263,976827208593020



15479,052904439919080	71411,413343594220350



15134,710332243783340	71320,742217050719780



14965,808572328493030	71548,946863621094960



14950,468521405444340	71559,910895303997680



14505,445844875277540	71641,256936822304850



14515,319900641838100	71559,910895303997680



14607,536528604532580	71580,777923345653100



14590,962220710664040	71576,356942828351750



14741,526448488057210	71492,582545891826160



14855,254412227901410	71568,399177897212210



14821,400506742551440	71574,942229062813560



14823,692698259788810	71424,322606704736240



14741,526448488057210	71470,477643305333920



14689,526455951861860	71427,152034235798060



14666,604540779489980	71455,623148767204840



14814,876577039645780	71380,289640752438570



14846,614613432160700	71325,693715230081580



14894,926957718544140	71309,070828485040700



14708,216632938563640	71374,277107248912220



14590,785898286259910	71356,770024400408140



14484,463476371336580	71409,468112166607170



14501,919396387220330	71323,571644581781580



14551,289675220021310	71198,192637111176740



14948,705297161415730	71138,597819737988180



15034,030227909752280	71156,458581027880420



15033,853905485348150	71085,239768760497100



14916,967260768900820	71059,774920980853500



14889,637284986458330	71066,494811367141660



14485,521410917754110	71049,695085401399410



14442,161217177299480	71054,116065918700770



14429,113357771486340	71033,249037877059890



15580,423175808915400	71174,142503097071310



16039,199001442504600	71330,597819737988180



16009,753156567227050	71345,982831938192250



15974,488671686654920	71293,508977064149800



16066,690176986703590	71061,720152408452120



15725,712853516870380	71140,366211944914540



15891,264487368505800	71112,473008747052520



15876,453403718665870	70931,260201209268420



15798,518892132602560	70940,986358347319760



16019,627212333787610	70949,604086489751360



15083,753151591357890	71058,006528773927130



15462,302274121646400	70758,665121813901350



15676,871541957278170	70913,045761477987980



15887,385394031643960	70709,374372912323450



15332,352647336740120	71212,162935545842630



15288,095718811622650	70724,582545891826160



15247,733006286016460	70747,748483802482950



15082,166249771731600	70829,047131649305810



14932,836278965158270	70840,188002552895340



14913,088167432038970	70932,498075754105230



14437,047866869615970	70990,100268028210850



14453,093207490275740	70890,940858891495740



14611,239299516992100	70909,155298622761620



14869,889173453337210	70656,676285146109880



14852,785898286259910	70635,632417883767630



14875,178846185423030	70603,801358159224040



15042,493704281088870	70647,303806449446710



14571,743076450751690	70749,693715230081580



14684,942072917387120	70674,360207215315320



14428,231745649472940	70447,346041518307180



14674,362727453215480	70408,087734524684490



15154,282121352500330	70498,275737077594380



15143,702775888328690	70457,249037877059890



15159,571794084586140	70388,635420248567240



15141,586906795495450	70351,016059912653880



14804,649876424280590	70336,868922257301160



14672,070535935978110	70348,893989264353880



14973,037791729009770	70322,191266939858900



14901,979854694658570	70326,258569015786640



15343,989927347329280	70342,704616540126160



15475,526455951861860	70423,119068283500380



16148,856426758435190	70267,724786966733520



15916,125949209308600	70230,234872180037200



15899,727963739844200	70251,278739442394000



15707,375321378973240	70278,511979428949420



15744,579352927976290	70212,550950110846320



15628,382875246492400	70351,192899133340690



15604,226703103300680	70301,677917339591660



15458,070535935978110	70468,920426442724420



15190,780863203892300	70207,245773490081780



15855,823680063531360	70114,452576298281200



15658,181364970574580	70062,815523856232180



15728,886657156121150	69965,955024588503880



16002,876582015514940	69918,208435001666660



15944,690181962572750	69985,713623634525000



15889,853907973283640	69903,884458125627140



15488,221670508866740	70014,538416607319960



15183,551643803375560	69939,605980705397080



15098,740557665600140	70148,405706671139340



14670,483634116353640	70154,948757836740700



14752,811083649839930	70091,286638387638960



14857,193958896332330	70085,981461766874420



14974,801015973038380	70197,519616352030420



14561,516375835386500	70021,258306993622680



14579,148618275672560	69990,665121813901350



15021,158690928343280	70125,593447201870730



14743,642317580892270	69908,835956305003490



14712,801015973038380	69825,014165697008140



14668,015120174712140	69771,125597057427510



15126,775823145655520	69845,881193738663570



15122,896729808791860	69864,979829573392640



15185,491190471806480	69813,873294793418610



15196,775825633589190	69791,768392206926360



15148,816126196012190	69695,438410601273060



16039,022679018102280	69903,353940463552140



15779,138548110935520	69772,009793160890700



15682,513859538170440	69678,108166973455810



16049,234256970819840	69656,533782049038560



15864,463478859272070	69667,851492173329460



16063,692695771855140	69642,740322835059480



16149,209071607239820	69440,129969593544960



16298,554165076462600	69494,419610345983530



16279,863988089759000	69640,441412966072680



16302,256935988922120	69534,031595780979840



16274,574315357673190	69711,530779684238950



16229,612097134944630	69690,133233980508520



16115,002521273087040	69526,427509291228490



15699,969779554052370	69640,618252186759490



15444,670031681362160	69441,014165697008140



15421,042826811377380	69445,611985434996320



15533,345088493351800	69373,862655505537980



15574,604535803620820	69415,195639475976350



15459,128470482395640	69367,319604339936630



15689,390434089880730	69753,618514208923440



15391,244337087295210	69441,014165697008140



15140,000004975869160	69603,482015841451360



14564,513857050234950	69508,036230339261240



14612,473556487811950	69434,824792972794960



14654,967260768900820	69364,313337588173460



14740,821158790446130	69298,352308270070360



14804,826198848682910	69266,344409324825390



14536,478591570179560	69194,064561733277520



14552,347609766437020	69124,566748001336240



15281,571789108716980	69250,782557903934500



15379,959701925512490	69245,477381283169960



15537,224181830213640	69447,557216862609500



15953,153658333909330	69176,203800443385260



15993,178848673358520	68994,106796802137980



16068,277078806328060	68972,886090319108920



16008,518899596407210	68879,514981793749030



15963,556681373678660	68887,295907504201750



15540,221663045062090	69013,912789519643410



15494,569277787370080	69010,906522767880240



15527,173803639250760	68886,411711400738570



15582,715367326150950	68821,205432636867040



15245,617137193181410	69016,034860167943400



15228,161217177299480	68942,646583580775770



15414,166252259667090	68889,417978152501740



15106,322421914923320	68831,945231427613180



15042,317381856686550	68854,757490896881790



15013,047859405811320	68798,393173167612980



15148,992448620414510	69009,138130560953870



14882,408065585941580	68931,682551897873060



14822,458441288968970	69061,081467772921320



14666,604540779489980	69050,824792972794960



14602,599500721251390	69054,007898945244960



14696,226708079169840	69164,709251098407550



14976,211595368262350	68789,728051353697080



14975,329983246247140	68714,925061001005820



14997,546608721007940	68691,935962311050390



14950,292198981042020	68678,142503097071310



14910,795975914801600	68569,433776042991660



14621,994967405566060	68456,787192462215900



14968,629731118939160	68483,843593228084500



15040,201512763851500	68501,350676076588570



15494,921922636176530	68569,433776042991660



15337,994964917632390	68496,045499455824030



15720,775825633589190	68849,275475055430440



15851,239297029058440	68696,180103607650380



15938,871541957278170	68669,477381283169960



15846,654913994583690	68646,488282593214540



15937,813607410860640	68592,599713953633910



15927,057939522286690	68570,494811367141660



15790,760705458877060	68617,003526409127520



15663,823682551466840	68446,047393671469760



15627,148618275672560	68443,748483802482950



15555,209069119306150	68473,586918427943600



15502,503786885497900	68482,252040241859500



16161,198996466635440	68749,408709035938960



16086,614610944225200	68662,403812455493610



16061,400504254617770	68649,494549344977720



16232,609578349793080	68627,613879650642050



16302,609580837726750	68612,228867450437980



16067,219144259912360	68541,139500732271700



16226,790938344498500	68683,801358159224040



16330,453401230732200	68862,892095048708140



16133,516375835386500	68431,016059912653880



15887,385394031643960	68466,513349600267240



15990,357689882912380	68475,001632193481780



15805,924433957523430	68541,316339952973060



16317,229219400516740	68399,008160967408910



16164,901767379094960	68274,690188820954060



15908,720407384389550	68322,436778407791280



15830,256928525117470	68306,521248545512210



15595,234259458755330	68373,012795525690310



15552,564232753262330	68355,505712677186240



16255,002526248956200	68122,832691918039920



16224,498746827261130	68106,740322835059480



16123,289675220021310	68086,934330117568600



16084,851386700196600	68012,886090319108920



16112,181362482640910	67996,086364353366660



16183,768266790200870	67960,895359435671710



16121,350128551588570	67956,297539697683540



15808,569270323565430	67972,743587222037600



15769,969782041987860	67891,220706483029060



15579,541563686900190	67972,920426442724420



15477,994969893501550	67862,796985623106600



15455,425699569936110	67898,647953752093600



15443,612097134944630	68312,533782049038560



15243,501268100348170	68289,014165697008140



15368,146099490521010	68028,447941739999800



15262,896734784661020	68025,972192650311620



15132,594463150950100	67939,674652952628100



15082,342572196135730	67875,482015841451360



15091,511338265083400	68026,679549533073440



15023,098237596774200	68428,009793160890700



14986,967263256836300	68389,635682270731200



14888,755672864443110	68391,934592139732560



14853,667510408275120	68366,646583580775770



14850,670029193426670	68340,651218139057160



14791,249372169662820	68386,452576298281200



14556,931992800911760	68208,422874732947100



14703,103282630881950	68053,912789519643410



14764,977330933637860	67969,560481249573060



14684,765750492984810	67955,236504373518980



14661,138545623001850	67963,724786966733520



14627,637284986458330	67966,731053718496700



14881,702775888328690	67830,612247457160260



15045,843830344743760	67833,795353429624810



15064,005040058236770	67799,311705394691670



15863,052899464049920	67713,544683359083140



15812,801008509233720	67735,649585945575380



15753,395474148119320	67642,325871091699810



15744,226708079169840	67669,912789519643410



15666,468518917508840	67659,302436278128880



15454,896732296727350	67717,788824655697680



15375,022674042231300	67749,089366718166280



15242,090688705124190	67633,130231615708910



15358,624688572766900	67611,732685911978480



15300,085643671018260	67517,123702841781780



15583,420657023763850	67525,611985434996320



15645,838795262374330	67490,420980517301360



15596,115871580768730	67448,203800443385260



15117,783379501110180	67666,729683547178860



15134,534009819381030	67583,438410601273060



15176,498746827261130	67493,250408048377720



15101,738038880448580	67475,260201209268420



15044,609573373923920	67469,955024588503880



15019,395466684314670	67417,080097601603480



14988,554165076462600	67431,580913698344380



15014,105793952228850	67589,627783325486240



15011,813602434991480	67594,932959946250780



14974,977338397442510	67597,585548256625770



14862,307309204015840	67522,605718683233140



14830,216627962694470	67513,410079207256780



15143,173808615121740	67389,493179173659880



15149,345093469220960	67314,690188820954060



15456,659956540755960	67378,175469049368980



15479,581871713127840	67298,067302075913180



15765,209076583110800	67459,521510567676160



15781,254417203770570	67437,239768760497100



15818,267003665723680	67411,951760201540310



15850,886652180251980	67407,353940463552140



15944,690181962572750	67483,041126919706580



16147,622169787615350	67807,092631105129840



16058,579345464171640	67639,142765119235260



16067,042821835508220	67486,353678441388180



15961,617134705247740	67528,087734524684490



15948,569275299434590	67502,799725965742260



16085,027709124600730	67355,009531138726740



15951,566756514284860	67396,743587222037600



15900,433253437455280	67395,859391118574420



16223,793457129650050	67826,191266939858900



16235,254414715835080	67816,995627463882560



16469,219149235781520	67521,191004917694960



16283,743081426620850	67347,935962311050390



15860,055418249199650	67286,620146402405220



15846,302269145777240	67280,430773678192060



15634,377837676189300	67251,959659146785270



15342,931992800911760	67119,860761289892260



15450,841316535461370	67033,964293705066660



15421,924438933392590	67001,779555539134890



15389,128467994460150	66984,272472690630820



15320,010077628539880	67115,970298434665890



15270,639798795740720	67125,873294793418610



15266,055415761265980	67164,070566462876740



15222,871544445213660	67091,613879650642050



15191,662475325907510	67006,907892939198060



14974,448371124233740	67077,997259657364340



14818,226703103300680	67066,502710312386620



14643,329980758313470	67356,247405683578110



14682,473558975747440	67060,490176808860270



14662,020157745015240	67040,684184091354840



14591,843832832677440	66948,904628552234500



15087,632244928219730	66914,597819737988180



15077,052899464049920	66842,671650587828480



15460,362727453215480	66944,837326476321320



15505,501268100348170	66862,654482526020730



15474,997488678653100	66833,652850332538940



16452,821163766315290	66802,175469049368980



16291,677590524750480	66760,618252186759490



16258,176329888206960	66738,513349600267240



16224,675069251663440	66761,325609069535860



16182,534009819381030	66651,555846691291660



16105,657432779735240	66650,141132925753480



16397,984889777028000	66365,831059724558140



16324,811083649839930	66381,039232704060850



15846,302269145777240	66504,826687188440700



15852,297231575474140	66433,029963587498060



15926,881617097884370	66354,336510379580430



15817,738036392514910	66628,743587222037600



15813,153653358040170	66551,641687000330420



15529,289672732085820	66344,610353241514530



15528,408060610070610	66455,311705394691670



15510,085651134821090	66475,294537332883920



15442,201517739720660	66394,302174255964930



15410,287158922803430	66472,995627463882560



15308,901764891159470	66495,984726153837980



15230,100763845730400	66580,643319193812200



15255,843837808546600	66566,849859979847680



15227,808572328493030	66600,626151132004450



15211,763231707833260	66566,849859979847680



15157,279602567348780	66524,632679905931580



15137,178846185423030	66560,837326476321320



15135,239299516992100	66450,360207215315320



15375,198996466635440	66365,300542062483140



14969,511343240952560	66660,928325387969380



14864,775823145655520	66729,494549344977720



14894,045345596528930	66664,818788243195740



14955,052904439919080	66605,223970869992620



14906,211592880326860	66557,831059724558140



14883,113355283552660	66410,040864897542640



14845,733001310147300	66429,846857615048060



14709,627212333787610	66477,239768760497100



14716,327464461095590	66504,826687188440700



14671,541568662769350	66479,538678629483910



14598,896729808791860	66700,717150043652510



14520,256928525117470	66631,219336311711230



14478,468513941639680	66638,823422801477140



14440,750637782075500	66681,795353429624810



14709,098245060578850	66322,022326664417050



14872,710332243783340	66238,554214497809880



15050,780858228023140	66211,320974511254460



14858,075571018345730	66120,119330305664340



14873,944589214603180	66104,734318105474820



14732,725449930561810	66221,931327752769000



14693,052904439919080	66147,835694282839540



14718,443333553930640	66081,037862532743020



15284,569270323565430	66260,835956305003490



15262,896734784661020	66264,903258380916670



15225,516380811255660	66160,921796614042250



15195,012601389560590	66145,713623634525000



15285,274560021176510	66098,721784601933900



15252,317389320491200	66083,867290063819380



16322,166247283797930	66308,582545891826160



16269,284642625587370	66335,591552986225000



16270,166254747600760	66277,635682270731200



16422,317384344620220	66158,976565186429070



15984,362727453215480	66157,385012200204080



15928,997486190717610	66162,513349600267240



16012,397992933270870	66054,865657870337600



16044,136029325783970	66014,192637111176740



16051,526448488057210	65974,934330117568600



16032,675071739598930	65984,837326476321320



16297,848875378849700	66021,266205938867640



15877,687660689485710	66215,388276587167640



15963,380358949276340	65933,601346147115690



15479,229226864321390	66035,767022035608540



15524,896734784661020	65962,555584669127710



15495,098245060578850	65937,138130560953870



15363,385394031643960	66309,820420436677520



15322,654913994583690	66231,480645670133520



14930,015120174712140	66013,662119449101740



15160,100761357794910	66073,787454484379850



15062,770783087416930	65971,574384924417240



15059,420657023763850	65895,934592139732560



14997,193963872201490	65923,167832126287980



14843,969777066118700	65884,970560456829840



14683,178848673358520	66009,241138931800380



14663,959704413446160	65882,317972146454850



14641,037789241076100	65865,518246180712600



14728,670034169295830	65811,228605428274020



15316,130984291678030	65963,439780772590900



15391,596981936101660	65874,890724877390310



15476,231745649472940	65848,188002552895340



16445,062977092587970	65946,687448478318400



16356,725442466757160	65910,789086677861640



16326,221663045062090	65803,094001276447670



16304,196482657353040	65839,169202297605800



16443,828720121768130	65747,967558092030230



16237,722928657474770	65727,454208491762980



16248,478596546050540	65589,165937910642240



16179,536528604532580	65560,211699388630220



16036,906809925267220	65753,980091595556580



15993,178848673358520	65852,608983070196700



15933,405546800790040	65671,396175532412600



16478,916882577937940	65678,469744360088960



16344,911840031765680	65625,771656593889930



15469,002526248956200	65695,269470325831200



15097,858945543586740	65745,845487443730240



14721,969782041987860	65772,677655317427700



16033,733006286016460	65527,319604339929360



16362,896727320858190	65503,092631105129840



16387,229221888450410	65477,981461766874420



16400,982370991874630	65438,192637111184020



15977,309830477101060	65459,413343594220350



16332,569270323565430	65227,094001276447670



16272,634768689242260	65341,862655505537980
