X	Y

7059,078811020320245	58077,121742343108060



6349,071963454359320	58622,711992405078490



6388,734689163586154	58595,484658158231470



6468,254205979715152	58568,610925654851600



6394,905826832244202	58560,654886426877060



6414,300830933738326	58482,155299377533080



6318,392593330177078	58504,255408344128220



6279,249948688978293	58586,114211956395600



6302,523953610771968	58574,798956165497660



6285,597404576739791	58462,000000000000000



6679,474558877619529	58637,386464758892540



6694,108971063293211	58628,900022915724550



6716,325066670459819	58614,579152305370370



6765,165213362406576	58632,259239478640660



6803,778903346291372	58592,302242467041650



6824,231816762413473	58597,429467747293530



6775,920624727780705	58592,302242467041650



6747,533391451956050	58567,903722167917300



6783,854944587483260	58536,609967871219850



6704,864382428667340	58542,797998381865910



6669,248102169558478	58616,347161022698860



6565,758181144503396	58446,270469117560420



6964,572245580308845	58577,274168369760440



6958,224789692547347	58568,610925654851600



6998,072707210163572	58559,594081196482880



6980,969839957027034	58535,018760025624940



6946,940423669859228	58476,851273225554900



7070,010540604799644	58335,593123412851130



7054,670855542707614	58304,829771731354420



6746,828118575538610	58468,541632254113210



6745,593891041807183	58410,379892155804560



6609,485099482419173	58317,382633624380100



7109,505821684207149	58246,314429889585880



6862,140233869880831	58209,009445953968680



7183,374281899707057	58180,367704733267600



7147,581683421493836	58092,497671482087760



7175,439962040004502	58074,469729267118960



7156,044957938509470	58064,215278706615210



7130,135053319433610	58069,696105730334240



7115,148004695551208	58079,944809589062060



7125,021824965403539	58049,717607224534730



7099,455683195250458	57991,196518680990260



7102,629411139131662	58151,195560897358520



7018,525620626285672	58131,924265878493320



7029,104713772555442	58006,578194521738620



6858,084914830476918	58095,149684558076840



6825,289726077040541	58035,396736614180560



6709,448656125384332	58037,164745331509040



6800,781493621514528	57969,273210586128700



7167,329323961197588	57990,666116065789540



6905,153005742093228	57839,860719179523580



6986,964659406580722	57796,544505605001180



6946,764105450754869	57793,715691657271240



7247,025158996430946	57815,992601495599960



7144,584273696716992	57663,242395020271940



7161,158186292539540	57659,352775842155100



7212,819424490157872	57609,848531756979360



7218,990562158815919	57594,466855916231000



7205,414059287769305	57596,588466377026640



7141,234227533731428	57542,487399626799740



7146,876410545075487	57521,448095890606060



7090,110817582712116	57543,017802242000470



6768,515259525391230	57587,748422790384210



7243,146158176132303	57581,737193151471730



7248,259386530162374	57556,808270237153920



7037,039033632257997	57415,196518680990260



7003,538572002403270	57383,372361769092100



6963,161699827473058	57398,754037609840450



6925,076964500901340	57433,407008469461290



6971,096019687175612	57350,841001370266900



7094,871409498533467	57333,868117683923630



7039,331170480616492	57331,569706351394420



7051,144491160617690	57226,909336987380810



7042,504898424497696	57207,461241096774760



6951,172060928367500	57296,392079578348780



7147,581683421493836	57319,193645330102300



7229,393337085981330	57222,489315194055960



7217,403698186874862	57201,450011457862280



7245,261976805385530	57137,094494147138900



7367,979457302117226	57421,030947448169170



7391,782416881224890	57327,149684558076840



7272,062346109270038	57118,005746701775940



7279,996665968972593	57106,160088295677270



7239,090839136728391	57118,005746701775940



7062,957811840619798	57180,764309465128460



7359,163546346891962	57002,201175716814760



7447,490100528961193	56987,349902491267130



7452,074374225677275	56959,945767372686530



7426,508232455525104	56972,498629265712220



7396,190372358836612	56978,863460648091860



7396,190372358836612	56954,995342964175500



7367,097866206594518	56969,139412702788830



7310,499717874050475	56895,772797635472670



7380,321732639432412	56895,242395020271940



7264,480662687776203	56871,197476464622020



8389,884360874651975	58137,758694645672220



8491,082145051348562	58080,652013075989090



8506,598148332544952	58068,281698756472900



8501,484919978513062	58042,645572355220800



8525,287879557621636	57983,417280324749300



8392,705452380323550	57994,909336987380810



8342,278441716436646	58023,197476464622020



8341,573168840019207	57993,141328270052320



8287,619793794041470	58086,486441843175270



8286,032929822102232	58068,281698756472900



8314,772799536134698	58173,649271607420820



8562,843660226879365	57821,827030262786140



8432,553369897939774	57696,121610460795640



8350,741716233453190	57685,342503986867080



8076,399440896138003	57719,105723786051380



8844,062346109269128	57787,704462018358760



8823,080478035833948	57754,112296389139380



8754,316372585079080	57755,173101619533560



8818,496204339116958	57740,852231009179380



8838,949117755239058	57714,155299377533080



8767,892875456125694	57700,541632254113210



8609,744306508675436	57684,281698756472900



8638,307858003605361	57665,010403737600420



8610,978534042407773	57656,347161022698860



8602,515259525391230	57626,821415443322620



8660,347635391666700	57592,522046327168940



8639,894721975544598	57576,609967871219850



8794,516926540905842	57613,384549191636320



8463,223866432837894	57567,593123412851130



8401,168726897340094	57587,925223662117780



8452,468455067462856	57555,570664135026160



8872,802215823303414	57641,142286053676800



8853,583529940911830	57586,510816688256460



8806,682883659115760	57563,880305106467860



8706,895645235255870	57524,276909838328720



8516,295650383292014	57528,520130759912720



8475,389823551047812	57539,304983935609920



8499,369101349258926	57514,906463636492840



8422,326913189879633	57515,260065379960000



8427,263823324805344	57499,176932754046000



8381,244768138531072	57494,580110088994840



8384,065859644202646	57465,584767124826610



8382,831632110472128	57431,285398008672930



8351,623307328974988	57385,140370486420580



8365,199810200021602	57377,184331258446040



8255,706196136126892	57499,176932754046000



8251,650877096724798	57473,540806352801160



8568,662161457328694	57468,590381944282860



8551,030339546878168	57434,998216315056200



7645,495460583313616	57746,156257161164830



7646,553369897939774	57675,441655169830480



7778,606842417924782	57585,803613201329420



7656,250871948687746	57486,800871732753880



7622,574092099728660	57491,928097013005760



7649,903416060925338	57467,883178457348550



7807,699348570166876	57399,107639353307600



7751,453836675831554	57376,830729514978880



7928,997409724776844	57190,134755666964340



7907,319142364208346	56684,501502616600190



7885,279364976146098	56665,937411084662020



7951,742459989256531	56666,291012828129170



7958,795188753436378	56585,139412702788830



7878,226636211966252	56573,470555168431020



7823,391670070466716	56614,134755666964340



7921,424599892568949	56563,923308094861570



8717,642183011343150	57019,704462018358760



8743,737279438810220	56977,095451930763380



8776,885104630455316	56898,601611583195340



8885,849764037036948	56887,286355792297400



8823,433114474042668	56877,562307846994370



8450,528954657313079	57070,623113077395830



8479,974097247764803	56995,305941719241680



8438,371871128389102	57008,566007099194400



8413,334684015550010	56928,828813947722660



8455,289546573134430	56899,662416813589520



8930,810909908683243	56662,754995393472200



8850,762438435240256	56586,377018804923860



8870,686397194049278	56536,878521421524060



8822,904159816729589	56575,061763014025930



8709,011463864510006	56491,263896514472440



8738,976687522988868	56490,910294771005280



8783,232560518217724	56464,036562267625420



8804,214428591652904	56458,909336987380810



8808,269747631056816	56444,765267248760210



8773,535058467470662	56430,444396638406040



8648,181678273456782	56459,970142217774990



8686,266413600029410	56426,908379203749060



8706,190372358836612	56420,720348693103000



8687,324322914655568	56409,228292030471500



8318,299163918225531	56453,958912578862510



8868,394260345690782	56466,865376215348080



8856,404621446585224	56440,168444583709060



8874,036443357033932	56404,277867621953190



8954,084914830476918	56436,809228020785660



8945,092685656147296	56373,514515940456480



8952,850687296746400	56320,303200250673400



8899,602585127186103	56362,729662764759270



8930,810909908683243	56339,574495269538600



8933,632001414354818	56323,662416813589520



8906,302677453157230	56333,386464758892540



8792,224789692547347	56368,917693275405320



8810,385566260310952	56405,338672852354650



8762,779647102095624	56404,277867621953190



8713,939500410149776	56383,238563885759500



8729,102867253135628	56322,071208967994610



8721,168547393433982	56300,855104360067340



8787,640515995830356	56331,088053426370600



8788,698425310456514	56308,811143588041880



8767,716557237021334	56281,053406726001420



8820,612022968371093	56275,926181445749540



8860,988895143302216	56276,456584060942980



8834,717480496730786	56324,900022915724550



8662,463454020920836	56274,511774471888200



8703,369280853165037	56239,151600125333060



8703,898235510478116	56205,559434496113680



8598,812576924197856	56296,611883438483340



8580,651800356434250	56207,857845828635620



8326,938756654344616	56212,454668493686770



9092,838479676433053	56424,786768742953420



9114,349302407181312	56417,361132130179610



9120,696758294943720	56394,730620548383740



9094,601661867476650	56406,576278954482400



9115,583529940911830	56361,668857534365090



9095,659571182104628	56378,641741220708360



9079,790931462699518	56372,984113325255750



9039,414059287768396	56384,476169987887260



9069,564474754639378	56353,005614819456240



9027,953375045975918	56311,463156664030980



9092,133206800013795	56338,867291782611580



9135,331170480616492	56324,016018557056670



9246,579093146270679	56492,147900873133040



9306,350969422695925	56297,319086925410380



9079,085658586282080	56248,875648070636090



9052,990562158815010	56218,642699004332820



9097,775389811358764	56226,068335617113920



9109,236074053151242	56206,089837111307140



9045,585196956426444	56179,923308094861570



9027,424420388662838	56169,138454919164360



9050,874743529560874	56154,646530138852540



9091,604252142700716	56165,248835741040240



8945,092685656147296	56237,206790536278280



8957,434960993463392	56305,982329640319220



8872,802215823303414	56213,692274595814520



8871,744306508675436	56199,017802242000470



8914,413315531965054	56215,460283313143010



8808,622384069265536	56206,443438854774280



9250,105457528359693	56252,942068120486510



9153,491947048380098	56222,178716438989800



9167,773722795844151	56181,691316812190060



9159,663084717038146	56166,309640971441700



9104,299163918225531	56139,972057785031210



9062,864382428668250	56127,419195892005520



9102,007027069867036	56055,638041968508340



9055,459017226277865	56043,615582690683370



8998,155596017315474	56026,112296389139380



8746,558370944481794	56108,501502616600190



8680,447912369580081	55974,486441843175270



8678,684730178534664	56202,730620548383740



8521,232560518217724	56069,605310835395360



8607,628487879421300	56014,443438854774280



8377,013130880022800	56126,181589789877760



8781,822014765381027	55905,716649440902980



8744,971506972540738	55901,119826775851840



8812,501384889565088	55849,317171358154160



8825,019978445983724	55795,216104607927260



8888,141900885395444	55932,943983687750000



8875,623307328974988	55893,694190163078020



8861,341531581510935	55858,334015816522880



8891,491947048380098	55840,123526028051860



8991,455503691346166	55951,154473476221030



8990,397594376718189	55919,860719179523580



9175,708042655547615	56727,994517062856180



9097,422753373150044	56745,315255790897940



9300,885104630455317	56661,870991034811600



9395,744306508675436	56570,641741220708360



9498,528954657313079	56560,917693275405320



9546,134873815528408	56566,575321170850660



8886,907673351663106	57445,606268619027100



9021,253282720006610	57439,948640723574500



9205,858458122416778	57452,324701744866620



9195,984637852563538	57429,870991034811600



9234,245691398240524	57412,367704733267600



9539,963736146870360	57467,883178457348550



9460,100456481817673	57478,668031633045760



9516,866049444181044	57423,682960524165540



9542,784827652541935	57405,295669863953660



9665,149671711065821	57291,441655169830480



9643,815167199420102	57295,331274347954600



9476,674369077642041	57026,246094272471960



9829,469378327172308	57169,625854545964100



9857,151338726578615	57079,109554920563820



9786,095096427465251	57086,181589789877760



9965,234407037636629	56984,167486800077320



9839,343198597023729	56943,856888045011140



9905,462530761211383	56889,231165381359460



9878,133206800013795	56854,578194521738620



9730,034776341521138	56879,683918307790010



9723,511002234654370	57037,914951806837060



10214,010540604798734	57127,900848817036600



10157,412392272255602	57095,552035991713640



10128,496204339116957	57092,723222043990970



10134,138387350461926	57060,015060773432200



10358,935243119412917	57039,682960524165540



10211,365767318231519	57087,595996763739100



9959,239587588084760	56849,627770113220320



9940,726174582110616	56852,456584060942980



9928,031262806587620	56824,522046327168940



9876,898979266283277	56782,266637983040710



9880,249025429267931	56773,603395268139140



9883,070116934939506	56756,630511581795870



10211,718403756440239	56833,362089913811360



10220,181678273456782	56802,598738232307370



10188,973353491961461	56824,345245455435360



10188,091762396437844	56765,470555168431020



10141,191116114641773	56743,193645330102300



10148,420163097925979	56716,502460400231940



10378,859201878220119	56804,366746949635860



10646,325066670460730	56958,531360398825200



10693,049394733152440	56820,809228020785660



10718,968172941513330	56799,946725156318280



10559,400184651942254	56675,838259901698620



10586,376872174931120	56646,842916937523120



10700,631078154645370	56742,132840099708120



10821,929139309255330	56734,000000000000000



10697,809986648973790	56654,091752678570630



10587,963736146870360	56615,195560897358520



10520,266413600029409	56568,520130759912720



10713,678626368378900	56539,884136240980300



11052,553369897939770	56645,251709091928200



10960,691577744495590	56558,442481071149820



11057,137643594656770	56462,091752678570630



11189,896388991059210	56596,631469365420340



11203,649210081210180	56552,961654047430780



10881,172060928367500	56468,633384932676560



10878,174651203589750	56439,814842840241910



10874,471968602396370	56400,741850187303500



10919,962069131357570	56374,221719427390780



11010,236997312860690	56366,088879327682660



10778,211094560625500	56426,554777460281910



10732,192039374351220	56419,836344334435120



10945,880847339718460	56332,856062143699090



10920,843660226879360	56322,424810711461760



10800,603508386897370	56334,800871732753880



10773,274184425699790	56347,000131882319700



10793,021824965402630	56316,236780200815700



10752,821271009577690	56318,181589789877760



10777,858458122416780	56274,865376215348080



10759,521363335548810	56272,566964882826140



10798,664007976747600	56240,742807970927970



10840,795188753436380	56286,357432877979590



10860,719147512245400	56230,311556538697920



10859,308601759408700	56207,504244085168460



10872,532468192246600	56204,145027522252350



11295,687320453758730	56509,297585431209880



11351,923958758809020	56522,911252554637030



11312,261233049581280	56474,998216315056200



11272,589633751069410	56503,463156664030980



11359,505642180301950	56499,750338357647700



11344,694911775524820	56478,357432877979590



11380,311192034632770	56449,362089913811360



11397,766695725978930	56482,070251184370140



11450,309525019118160	56442,290055044497420



11408,698425310456510	56416,653928643252580



11356,684550674630370	56433,273210586128700



11299,566321274058280	56447,063678581282140



11384,013874635827960	56407,637084184876580



11397,237741068664040	56387,658585679077080



11457,009617345089280	56418,952339975774520



11450,309525019118160	56401,802655417697680



11441,846250502103430	56375,812927272985690



11496,681216643602970	56380,056148194569680



11527,713223205993930	56332,325659528498360



11628,558370944481790	56271,859761395891840



11805,405544706294680	56075,086137859107110



11898,140054365974720	56073,318129141785900



11958,264567080608680	56170,552861893025700



11816,866228948087160	56054,754037609840450



11579,550779622717530	56109,208706103534500



11597,173727943880290	56088,346203239067110



11512,726174582110620	56113,982329640319220



11466,001846519418900	56115,750338357647700



11499,502308149274540	56066,953297759406270



11506,202400475245670	55966,353601743467150



11467,765028710464320	56015,681044956902040



11223,749487059123570	55982,972883686343260



11059,782416881223980	55954,513690039144420



10979,204990750467910	56000,299369116153680



10961,749487059123570	55989,868117683923630



10968,802215823303410	55912,611883438483340



10979,381308969572270	55898,291012828129170



10997,365767318231520	55916,855104360067340



10930,012207620313350	55963,353733625779570



10940,062346109269130	55913,495887797143950



10915,906750091953650	55871,240479453015720



10906,385566260310950	55878,842916937523120



10898,274928181503130	55911,197476464622020



10951,875666789270330	55854,621197510139610



10965,099533222108220	55823,327443213442160



10998,247358413755140	55839,062720797657680



11196,772799536134700	55871,770882068216450



10720,555036913454390	56087,815800623866380



10786,321732639431500	56025,228292030471500



10889,811653664488400	55925,341546203242620



10856,134873815528410	55888,920566626293300



10872,179831754037880	55878,842916937523120



10732,720994031664300	55843,129140847508100



10815,052728764179850	55866,997258531431720



10792,845506746298270	55986,332100249266660



10781,913777161818870	55807,768966500952960



10628,516926540905840	55783,370446201835880



9671,320809379722050	56534,580110088994840



9602,027749271654102	56472,523004110800680



9699,708042655547615	56408,697889415278040



9719,103046757041739	56388,896191781204840



9724,216275111071809	56350,707203486934300



9653,160032811958445	56380,232949066303260



9654,217942126586422	56354,596822665051150



9624,772799536134698	56337,276083937016660



9653,160032811958445	56319,065594148538360



9654,923215003003861	56290,070251184370140



9883,246435154045685	56388,188988294277800



9937,728764857334681	56410,465898132599250



9921,331170480616493	56392,255408344128220



9969,113407857936181	56336,392079578348780



9933,849764037036948	56317,120784559483580



9872,491023788670645	56352,298411332529220



9873,725251322401164	56319,949598507206240



9912,338941306286870	56325,076823787450850



9852,743383248965984	56292,015060773432200



9869,140977625684172	56249,406050685836820



9884,480662687776203	56249,406050685836820



9560,592967782096821	56337,276083937016660



9508,402774927166320	56383,238563885759500



9497,303600712866682	56402,509858904631980



9485,313961813761125	56368,387290660204600



9516,337094786867965	56337,276083937016660



9512,987048623883311	56294,490272977687710



9449,521363335548813	56389,956997011606290



9413,728764857334681	56384,829771731354420



9400,681216643602966	56412,764309465128460



9365,417572822701914	56353,005614819456240



9436,473815121815278	56310,225550561903220



9928,736535683005059	56279,108597136939350



9962,236997312860694	56268,323743961242140



9917,275851441212581	56227,305941719241680



9899,820347749868233	56190,177758655358050



9898,233483777927177	56069,251709091928200



9980,045137442415580	56057,936453301030270



10003,319142364209256	56061,826072479154390



10259,148004695551208	56427,438781818949790



9425,542085537335879	55976,254450560496480



9423,955221565396641	55957,165703115133510



9459,395183605400234	55958,580110088994840



9444,408134981518742	55879,373319552723840



9440,352815942114830	55858,864418431723600



9425,365767318231519	55827,393863263292580



9390,454759935541006	55831,460283313143010



9383,754667609569879	55877,958912578862510



9333,327656945682975	55909,429467747293530



9318,340608321801483	55839,062720797657680



9313,580016405980132	55820,498629265712220



9295,771876276425246	55828,101066750226890



9331,211838316428839	55750,314429889585880



9291,011284360603895	55766,756910960728420



9487,958735100328340	55735,286355792297400



9532,029416287168715	55873,008488170344210



9512,281775747464053	55813,426594396405560



9510,694911775524815	55739,352775842155100



9559,182422029261943	55748,900022915724550



9561,121922439409900	55658,024374845088460



9987,979457302117225	55981,381675840748360



9800,200553955824944	55740,236780200815700



9961,708042655547615	55832,697889415278040



10037,868639719405110	55743,595996763739100



10050,034596837615027	55702,578194521738620



9948,836812660918440	55688,964527398318750



9958,357996492561142	55633,625854545964100



10028,347455887762408	55594,552861893025700



10052,855688343286602	55602,862502864467390



9897,704529120614097	55669,162829764245540



9893,472891862105826	55629,559434496113680



9918,686397194049277	55615,768966500952960



9962,942270189278133	55572,635300499940060



9935,083991570767466	55586,420021793317580



9915,160032811958445	55565,032863015425390



9860,148748451354550	55665,096409714395120



9815,892875456125694	55634,333058032898400



9830,879924080009005	55595,260065379960000



9794,558370944481794	55528,788684310216920



9774,105457528359693	55519,948640723574500



9779,571322320600302	55493,251709091928200



9790,503051905077882	55469,383591408004580



9767,934319859701645	55442,686659776358280



9920,625897604199054	55506,334973600154620



9885,185935564193642	55518,534233749713160



9552,658647922395176	55563,264854298104180



9532,734689163586154	55549,651187174677040



9545,429600939110969	55626,553819676657440



9607,846250502103430	55478,577236738114150



10046,155596017315474	55565,916867374093270



9985,863638672863090	55443,924265878493320



10031,873820269851421	55525,606268619027100



10053,032006562390961	55445,692274595814520



10019,893054960031805	55421,470555168431020



9946,897312250768664	55441,979456289431260



9846,043290922994856	55394,773623536784720



9852,390746810757264	55346,689533127246250



9872,843660226879365	55324,766225032384680



9839,343198597023729	55308,323743961242140



9742,729688117044134	55370,734451682903460



9784,860868893734732	55343,860719179523580



9748,195552909284743	55331,838259901698620



9760,352636438208719	55311,152557908964810



10298,458093966568413	56267,086137859107110



10338,482329703290816	56138,734451682903460



10287,879000820299552	56147,220893526071450



10277,132463044210454	56119,286355792297400



10309,918778208360891	56122,291970611753640



10401,956888580909435	56053,870033251179850



10984,318219104499800	55816,255408344128220



11001,421086357635430	55803,702546451102540



11060,135053319434520	55719,727879079815460



11029,455683195250460	55689,494930013512200



10984,141900885395440	55705,407008469461290



11010,765951970173770	55739,529576713888680



10970,918034452557550	55743,595996763739100



10928,954298305687190	55768,701720549790480



10900,567065029861620	55768,171317934589750



10779,621640313460380	55711,418238108373770



10942,001846519418900	55712,832645082242380



10855,253282720006610	55580,237737984447450



10870,416649562992460	55661,560392279738160



10821,047548213733540	55659,261980947216220



10805,716736740927440	55640,344287671810890



10817,697502050747060	55610,818542092441930



10840,442552315227660	55552,833602865866850



10826,160776567763600	55560,789642093841400



10779,621640313460380	55657,847573973354880



10741,536904986889570	55720,081480823282620



10721,083991570767470	55729,098325281651340



10685,996665968972590	55738,291970611753640



10664,838479676433050	55718,843874721154860



10666,072707210163570	55585,359216562923400



10599,248102169558480	55564,856062143699090



10560,105457528359690	55557,960828146118730



10542,835145645403827	55533,739108718727950



10587,963736146870360	55499,970142217774990



10482,534314711665502	55559,375235119980060



10627,811653664488400	55496,434124783118020



10663,604252142700720	55487,947682939950030



10710,152261986288070	55501,030947448169170



10958,575759115241450	55493,428509963661780



10881,877333804784940	55577,055322293257630



10503,692501004205042	55406,796082814609690



10551,818501230449328	55393,536017434656970



10566,452913416122100	55378,336889167410840



10548,821091505671575	55353,761567996560190



10651,085658586282080	55313,450969241486740



10522,382232229283545	55335,551078208081890



10616,879924080009000	55276,853188792811120



10677,180755013747330	55264,477127771519010



10660,077887760611700	55275,792383562409670



10626,048471473442990	55238,841001370266900



10841,676779848960000	55268,897149564836580



10660,077887760611700	55235,304983935609920



11376,784827652541940	55508,279783189216680



11428,622384069265540	55536,214320922990740



11474,288802817331090	55529,672688668877520



11427,388156535533200	55504,920566626293300



11551,163546346891960	55636,101066750226890



12092,266413600029410	55904,125441595308080



11622,739869714032470	55628,852231009179380



11664,879924080009000	55623,371403985467620



11635,787417927766000	55571,044092654345150



11610,044957938509470	55649,537933001913190



11607,752821090150970	55685,074908220194630



11669,287879557621640	55412,100108966595140



11614,452913416122100	55390,707203486934300



11722,007027069867040	55365,253624659184420



11713,720070771954850	55333,606268619027100



11725,533391451956050	55317,870991034811600



11692,385566260310950	55273,317171358154160



10931,246435154045680	55207,016844458368720



10880,995742709263140	55135,418238108373770



10857,369101349258930	55147,794299129673160



10822,105457528359690	55082,024374845088460



10898,274928181503130	55101,826072479154390



10551,289546573134430	55154,512732255512680



10576,679370124182240	55129,230207597727720



10537,369280853165037	55123,926181445749540



10463,844583486588817	55191,994517062856180



10865,479739428066750	55059,924265878493320



10914,319886120012600	55033,580935990306900



10905,151338726578620	55001,232123164991210



10910,264567080608690	54976,833602865866850



10883,640515995830360	54938,644614571596320



10867,771876276425250	54976,833602865866850



10833,037187112839090	54997,165703115133510



10825,279185472241810	55033,580935990306900



10813,113228354030070	54991,508075219688180



10805,716736740927440	54949,252666875559960



10781,737458942714510	54932,279783189216680



10816,639592736120900	54861,736235367847260



10742,594814301515730	54895,151600125333060



10749,471224846591210	54975,419195892005520



10789,142824145104900	55001,055322293257630



10733,602585127186100	54953,849489540611100



10710,328580205392430	54894,621197510139610



10682,470301586881760	54961,805528768585640



10658,491023788670650	54970,291970611753640



10650,556703928967180	54978,955213326662490



10426,641439255539808	55034,464940348974780



10380,093429411952457	55024,210489788471020



10332,840146691945847	55010,066420049850420



10341,832375866275470	54995,574495269538600



10332,840146691945847	54982,491230761319460



10314,679370124182242	54973,827988046410610



10370,219609142099216	54934,047791906537900



10380,446065850161176	54885,604353051763610



10316,971506972540737	54877,117911208595620



10370,219609142099216	54862,266637983040710



10416,943937204792746	54837,160914196989320



10410,596481317030339	54797,916867374093270



10359,464197776725996	54816,121610460795640



10331,076964500900431	54825,315255790897940



10298,105457528359693	54841,227334246847020



10256,150594970775273	54864,034646700369200



10260,205914010177366	54824,608052303963630



10341,303421208962391	54766,623113077395830



10264,261233049581278	54806,933711832462000



10920,843660226879360	54736,390164011092560



10945,175574463301020	54766,092710462195100



10941,296573643001470	54710,223634994647000



10989,607765677634230	54736,920566626293300



10921,372614884192440	54698,731578332015490



10913,967249681803880	54678,399478082748830



10945,880847339718460	54677,161871980621070



10922,077887760611700	54589,120784559483580



10930,012207620313350	54549,163787547877290



10864,069193675230050	54572,501502616600190



10850,492690804183440	54557,650229391052560



10866,890285180903450	54469,956997011606290



11065,071963454360230	54672,034646700369200



11139,469378327172310	54742,754995393472200



11712,133206800013800	54766,623113077395830



11719,538572002404180	54742,754995393472200



11721,830708850762680	54719,240479453015720



11595,057909314626160	54863,150642341708590



11568,266413600029410	54855,548204857201200



11747,220532401810490	54970,645572355220800



11776,136720334947310	54993,452884808750240



11798,881770599427910	54945,009445953968680



11905,016464911050210	54938,291012828129170



11890,734689163586150	54889,847573973354880



11833,087505105700980	54980,369620300523820



11299,742639493162640	55024,210489788471020



11227,804806098527480	55091,394821046924340



11234,328580205392430	55112,787726526585180



11385,600738607767200	55094,577236738114150



11434,793521737923580	55070,709119054190520



11740,696758294943720	55012,188030510646060



11911,363920798812620	55028,984113325255750



11821,274184425699790	55305,848531756979360



11785,305267728381300	55320,523004110800680



11806,463454020920840	55272,079565256026400



11919,827195315829160	55175,728836863447220



11883,505642180301950	55110,312514322322380



12078,337274290774080	55012,895233997580360



12133,516003281196390	55074,598738232307370



12107,253462223910900	55104,478085555143480



12406,976687522988870	54974,004788918144180



12458,108971063293210	54945,539848569169410



12517,175574463301020	54938,114211956395600



12476,269747631056820	54934,224592778271470



12489,846250502103430	54911,947682939950030



12469,922291743294410	54910,886877709548570



12434,834966141499540	54917,605310835395360



12402,921368483584960	54949,075866003826380



12345,979457302117220	54781,120784559483580



12285,678626368378900	54813,652144958308780



12221,498794614341020	54797,032863015425390



12169,308601759408700	54805,165703115133510



12617,676959352864290	54827,083264508226420



12590,347635391666700	54878,355517310723370



12160,669009023289620	54281,669815317989560



12147,621460809556080	54252,497671482087760



12189,056242299113360	54207,242395020271940



12158,905826832244200	54167,992601495599960



12192,406288462098020	54144,124483811676330



12142,508232455526010	54121,847573973354880



12163,490100528961190	54108,764309465128460



12188,527287641800280	54109,294712080329190



12208,274928181503130	54097,449053674230520



12221,498794614341020	54063,856888045011140



12182,179831754037880	54072,343329888179140



12674,266234096123300	54843,348944707635380



12625,258642774359030	54922,909336987380810



12765,070116934939510	54848,476169987887260



12825,899902525992730	54887,725963512559240



12900,835145645403830	54853,603395268139140



12858,342454841220390	54852,542590037737680



12838,947450739726260	54825,668857534365090



12854,992408678233920	54806,756910960728420



12848,115998133160250	54789,607226402651580



12799,804806098527480	54792,436040350374240



12815,673445817930770	54781,120784559483580



12849,879180324203840	54742,401393650005050



12870,861048397639020	54738,865376215348080



12887,963915650776470	54717,295669863953660



12690,840146691945850	54760,081480823282620



12649,934319859701640	54708,102024533851360



12919,692321500300750	54619,000131882319700



13145,203323734955120	54898,334015816522880



13120,871409498533470	54891,438781818949790



13119,637181964802950	54861,736235367847260



13205,318962860303140	54810,292928395385390



13192,800369303884510	54788,016018557056670



13205,318962860303140	54780,059979329082120



13076,968172941513330	54753,186246825702260



13100,418496082411370	54841,934537733774050



13087,899902525992730	54825,845658406091390



13015,609432693147030	54800,922482193549520



13038,883437614942520	54743,462198880406500



13127,571501824504590	54724,014102989800450



13170,760591915821350	54711,814842840241910



13100,242177863307010	54641,978498505799500



13069,562807739124760	54644,276909838328720



13113,289726077040540	54625,536017434656970



13060,394260345690780	54611,574495269538600



13043,467711311659510	54634,022459277824960



13011,025158996430040	54697,847573973354880



12996,390746810757260	54624,475212204255520



12964,477149152842680	54612,281698756472900



13008,733022148071540	54585,407966253093040



13098,478995672261590	54567,727879079815460



13136,034776341521140	54590,535191533344920



12976,995742709263140	54589,474386302943460



12985,459017226277860	54566,136671234220560



12982,108971063293210	54533,605310835395360



12934,855688343286600	54592,833602865866850



12875,974276751670910	54575,330316564322860



12917,752821090150970	54502,311556538697920



13582,631078154645360	54741,694190163078020



13452,155596017315480	54870,399478082748830



13685,953554549882030	54746,821415443322620



13668,321732639431500	54707,041219303457180



13691,410545752836700	54594,778412454928910



13683,661417701523530	54569,672688668877520



13749,771876276425250	54561,716649440902980



13685,248281673464590	54509,206790536278280



13698,815910955225260	54482,509858904631980



12846,881770599427910	54487,460283313143010



12832,247358413755140	54464,652970859620840



12781,996665968972590	54424,878521421524060



12976,466788051948240	54391,286355792297400



12973,645696546276670	54349,914951806837060



13055,633668429869430	54333,826072479154390



12943,847917517616220	54241,712818306390540



12932,034596837615030	54229,872906602067820



12723,282699007173500	54257,448095890606060



12668,976687522988870	54268,763351681496720



12695,953375045975920	54236,237737984447450



12735,624974344489600	54215,905637735180790



12658,044957938509470	54250,199260149558540



13007,851431052549740	54145,008488170344210



13088,605175402410170	54096,034646700369200



13123,163546346891960	54112,653928643252580



13143,087505105700980	54116,543547821369430



13440,342275337314280	54330,290055044497420



13671,495460583313620	54467,835386550810660



13721,384643000601500	54454,221719427390780



13688,069373179136160	54442,906463636492840



13624,947450739726260	54484,454668493686770



12999,211838316428840	55632,388248443836340



12822,726174582110620	55354,645572355220800



13012,435704749266730	55447,813885056610160



13079,965582666289260	55322,291012828129170



13074,676036093154840	55256,344287671810890



13073,265490340319960	55222,928922914317810



13026,188525839417710	55210,022459277824960



13100,594814301515730	55157,164745331509040



13047,523030351061610	55170,248009839728180



13250,280108731951260	55417,580935990306900



13418,840326195851960	55146,203091284078260



13383,400364155846550	55142,136671234220560



13361,536904986889570	55126,401393650005050



13454,800369303884510	55135,948640723574500



13583,512669250168980	55153,805528768585640



13642,226636211966250	55187,928097013005760



13725,792598478214130	55201,712818306390540



13723,147825191645100	55240,785810959328960



13653,158365796445650	55071,769924284584700



13619,657904166590020	55110,666116065789540



14002,779647102095620	55080,433166999493550



13959,052728764179850	55055,857845828635620



13994,492690804183440	55130,291012828129170



14061,493614063894710	54873,405092902205070



14071,014797895537410	54847,415364757493080



14103,809986648973790	54400,833602865866850



14486,226456708060140	54520,345245455435360



14078,596481317030340	54366,003831134512440



14079,830708850762680	54319,505201868800220



14068,898979266283280	54270,177758655358050



14074,012207620313350	54224,568880450082360



14049,856611602997870	54252,497671482087760



14032,224789692547350	54249,668857534365090



13984,442552315227660	54244,895233997580360



14007,892875456125690	54206,888793276804790



14015,474558877620440	54179,484658158231470



13985,500461629855640	54174,003831134512440



13913,924138262713310	54094,266637983040710



12782,172984188076950	53827,839217685323090



12732,451246400607490	53805,915909590461520



12969,061422849559680	53740,499587049343970



12865,924138262713310	53735,725963512559240



12986,516926540905840	53705,493014446255980



13014,904159816729590	53724,941110336862040



13053,694168019719660	53735,372361769092100



13027,246435154045680	53694,531360398825200



13065,683806918825210	53675,436866251686300



13207,434781489557280	53840,392079578348780



13189,097686702689320	53825,717607224534730



13220,658647922395180	53808,567922666457890



13205,142644641198780	53791,418238108373770



13192,800369303884510	53785,230207597727720



13250,632745170159980	53765,428509963661780



13288,893798715835150	53806,269511333928680



13301,588710491359960	53784,346203239067110



13337,204990750467910	53800,965485181943220



13376,876590048981600	53758,710076837815000



13281,841069951655300	53767,196518680990260



13147,495460583313620	53602,954255543030740



13101,652723616143700	53630,888793276804790



13151,727097841821890	53525,869075467548100



13173,229046983284210	53539,659543462708820



13186,981868073435180	53502,708161270558780



13322,041623907482060	53639,728836863447220



13364,710632930769860	53597,473428519318980



13532,380385709862820	53713,625854545964100



13555,654390631656500	53684,100108966595140



13455,681960399406310	53610,203091284078260



13439,108047803583760	53457,099283065283090



13472,608509433437580	53433,231165381359460



13685,424599892568950	53685,868117683923630



13688,245691398240520	53590,401393650005050



13676,961325375552400	53578,555735243913660



13614,368357593455580	53718,929880697949560



13776,043290922994860	53356,676387921077550



13890,473815121815280	53237,518347074968920



13907,047727717637830	53334,576278954482400



13932,084914830476920	53323,791425778785200



14200,256052499134970	53265,629685680476540



14226,694911775524820	53240,170360150965280



14264,955965321199980	53229,739108718727950



14292,990562158815010	53231,153515692589280



14356,288802817331090	53204,102982317483110



14356,288802817331090	53173,693232379446270



14200,608688937343690	53158,841959153898640



14203,077144004806540	53134,620239726507860



14163,758181144503400	53113,757736862040480



14154,765951970173770	53100,497671482087760



14166,050317992861890	53098,552861893025700



14115,270670890766270	53073,276083937016660



14081,946527480014990	53098,199260149558540



14044,038110372548540	53122,774581320416480



14067,135797075237860	53072,392079578348780



14028,345788872247800	53105,801697634065930



13991,847917517616220	53057,187204609334000



14032,577426130756070	53036,678303488333770



14067,135797075237860	53019,705419801990500



13846,570578564795140	53128,609010087595380



14124,262900065095890	53009,274168369760440



14168,342454841220390	53011,749380574015960



14171,163546346891960	53040,214320922990740



14255,787417927766000	53019,705419801990500



14232,689731225076680	53009,274168369760440



14177,334684015550010	52981,339630635979120



14218,407955477612630	52953,758694645672220



14243,445142590451720	52909,735277584215510



14230,221276157613830	52894,000000000000000



14301,277518456727190	52906,376061021292120



14303,569655305085690	52957,117911208595620



14308,330247220907040	52886,403309217261260



14339,538572002404180	52897,359216562923400



14368,631078154645360	53110,752122042584240



14500,155596017315480	52891,353733625779570



14482,523774106866770	52854,755953177103940



14398,076220745097090	52840,435082566749770



14473,011463864510010	52808,787726526585180



14572,975020507474260	52815,329358780698380



14685,113407857936180	52816,920566626293300



14630,807396373749720	52771,305941719241680



14618,465121036435450	52730,995342964175500



14592,370024608970200	52740,896191781204840



14534,713966961797270	52733,293754296697440



14403,894721975544600	52742,841001370266900



14385,381308969572270	52733,293754296697440



15242,966505926000540	54480,918651059037080



15284,392413826271880	54423,817716191129880



15354,214428591652900	54435,834428767178900



15267,818501230449330	54378,203091284078260



15300,790008202990070	54354,865376215348080



15249,666598251969840	54366,180632006246020



14811,701015585680580	54519,991643711975480



14786,663828472841490	54524,411665505293060



14955,224045936742190	54454,044918555657200



14522,548009843587350	54545,804570984953900



14578,440885299713040	54218,911252554637030



14559,751154074636360	54194,866333998979820



14580,733022148071540	54192,744723538184190



14720,377051678835410	54239,944809589062060



14708,563730998834220	54210,955213326662490



14846,788341187475450	54216,612841222107820



14934,418496082411370	54241,005614819456240



14998,598327836449240	54212,723222043990970



14984,316552088985190	54184,081480823282620



14946,231816762412560	54162,511774471888200



14887,694168019719660	54152,787726526585180



14851,901569541505520	54192,214320922990740



14824,748563799414110	54202,999174098687940



14779,258463270452920	54185,849489540611100



14802,003513534933520	54005,871948818436060



14951,345045116444450	54120,963569614687000



14975,853277571968650	54108,410707721661310



14992,779826606001730	54111,769924284584700



15038,261053545676990	54136,698847198902520



15130,299163918225530	54114,421937360573800



15054,129693265082100	54114,421937360573800



15039,495281079407500	54067,216104607927260



14963,863638672863090	54079,945767372686530



14823,690654484786140	54003,043134870713400



14515,495281079407500	53946,113254172763840



14506,326733685973520	53854,530402615200730



14487,813320680001200	53808,567922666457890



14306,390746810757260	53999,153515692589280



14330,193706389864020	53957,428509963661780



14382,560217463900700	53801,142286053676800



14113,154852261512130	54055,370446201835880



13976,860868893734730	53959,550120424457420



13996,079554776124500	53940,102024533851360



13936,492870308089550	53951,063678581282140



13944,956144825106090	53878,221719427390780



14327,548933103296800	53681,094494147138900



14422,937089638831820	53666,773623536784720



14421,879180324203840	53631,242395020271940



14330,546342828074560	53648,215278706615210



14331,604252142700720	53620,987944459775460



14314,501384889565090	53593,583809341194860



14317,322476395236660	53534,355517310723370



14265,132283540304340	53619,219935742446980



14232,160776567763600	53637,430425530918000



14242,387233275823750	53608,965485181943220



14233,923958758809020	53595,351818058523350



14209,777236330777670	53597,827030262786140



14192,850687296746400	53617,098325281651340



14216,292136848358500	53643,795256913297640



14200,256052499134970	53650,160088295677270



14224,755411365375040	53538,952339975774520



14267,424420388662840	53527,460283313143010



14849,433114474042670	53662,884004358660600



14850,667342007775000	53586,334973600154620



14893,688987469273340	53542,488357410431490



14702,745229768384890	53520,211447572102770



15181,255129239425510	54063,503286301544000



15159,215351851362360	54086,841001370266900



15331,293060108067950	54079,592165629226660



15353,509155715235460	54084,719390909471260



15080,224789692547350	53978,998216315056200



15144,580939665689580	53792,479043338775220



15237,148004695551210	53791,948640723574500



15243,319142364209260	53776,036562267625420



15357,564474754639380	53930,377976588548340



15394,414982547477850	53904,741850187303500



15389,830708850762680	53886,531360398825200



15492,095275931371360	53880,873732503379870



15500,029595791073010	53920,123526028051860



15191,657904166590020	54027,441655169830480



15557,676779848960000	54017,894408096268300



15522,950964274657960	53854,884004358660600



15392,828118575538610	53821,651187174677040



15401,820347749868230	53794,247052056103710



15628,733022148071540	54041,232123164991210



15721,829041835248060	54058,906463636492840



15729,058088818532270	54111,239521669383980



15735,934499363607760	54085,603395268139140



15814,916187933138640	54160,036562267625420



16085,555780669257730	53981,119826775851840



16118,527287641800280	53969,804570984953900



16101,424420388662840	53952,124483811676330



16169,130616524791550	53958,842916937523120



16109,358740248366300	53911,637084184876580



16090,140054365974720	53928,786768742953420



16067,923958758809020	53961,141328270052320



16103,716557237021330	53871,149684558076840



16059,989638899105560	53850,116127523651810



16134,395927361205400	53867,790467995153450



16092,432191214333220	53827,308815070129640



16171,951708030463120	53807,330316564322860



16149,206657765982530	53810,866333998979820



16295,198143184506990	53838,093668245826850



16287,792777982118420	53876,276909838328720



16272,982047577341290	53892,896191781204840



16330,100276977913380	53845,696105730334240



16332,392413826271880	53810,512732255512680



16308,774646055553600	53812,457541844574740



16276,508411959430300	53779,572579702282380



16339,092506152243000	53776,743765754559720



16378,235150793441790	53748,986028892519240



14848,727841597625230	53427,396736614180560



14874,293983367777400	53368,698847198902520



14907,794444997633040	53332,808270237153920



14845,906750091953650	53357,913994023205300



14852,254205979716060	53343,062720797657680



14846,435704749266730	53330,509858904631980



14815,227379967771410	53344,830729514978880



14817,519516816129910	53412,545463388625650



14781,197963680602700	53397,163787547877290



14769,737279438810220	53361,803613201329420



14715,792777982118420	53407,064636364913900



14675,415905807189120	53421,208706103534500



14675,415905807189120	53371,174059403165300



14626,575759115241450	53406,003831134512440



14642,444398834646560	53375,770882068216450



14674,181678273456780	53322,730620548383740



14702,039956891967450	53304,520130759912720



14691,813500183907310	53303,989728144711990



14668,010540604798740	53293,204874969014780



14681,058088818532270	53267,574495269538600



14663,426266908081740	53270,933711832462000



14672,418496082411370	53246,004788918144180



14643,502308149274540	53236,280740972841160



14781,197963680602700	53205,870991034811600



14796,537648742692910	53195,086137859107110



14532,245511894334410	53440,656801994133280



14537,887694905679380	53400,876605854267840



14522,548009843587350	53367,814842840241910



14441,626820863908510	53280,828813947722660



14499,802959579106760	53266,513690039144420



14558,340608321801480	53267,044092654345150



14559,398517636427640	53228,324701744866620



14526,955965321199980	53241,938368868293760



14524,134873815528410	53219,131056414764320



14523,076964500900430	53200,920566626293300



14484,992229174329620	53191,903722167917300



14483,229046983284210	53215,771839851840920



14654,786674171962660	53180,765267248760210



14577,559294204191250	53132,321828393978650



14556,577426130756070	53150,001915567256220



14526,427010663886900	53088,475212204255520



14837,972430232250190	53129,846616189723140



14922,605175402410170	53212,412623288917530



14778,905826832244200	53160,079565256026400



14691,989818403011670	52988,942068120486510



14724,961325375552400	52968,433166999493550



14772,734689163586150	52990,886877709548570



14611,941346929568680	53031,020675592888440



14818,224789692547350	52924,763351681496720



14797,242921619112170	52908,144069738620600



14623,930985828674240	52715,967268866887020



14633,628487879421300	52697,762525780184660



14668,892131700322350	52702,353601743467150



14662,720994031664300	52670,004788918144180



14699,395183605400230	52703,944809589062060



14751,752821090150970	52677,076823787450850



14637,860125137929570	52644,015060773432200



14627,633668429869430	52629,870991034811600



14627,633668429869430	52612,190903861534020



14645,794444997633040	52609,892492529004810



14669,068449919426710	52605,295669863953660



14680,352815942114830	52633,760610212928440



14775,203144231049010	52637,119826775851840



14599,775389811358760	52641,186246825702260



14612,293983367777400	52619,086137859107110



14538,945604220305540	52634,998216315056200



14499,802959579106760	52649,849489540611100



14581,438295024490800	52703,237606102127760



15001,939500410149780	52821,163787547877290



14954,695091279429110	52777,493972229887730



14951,168726897340090	52744,962611831062530



14921,194629649575290	52763,173101619533560



14778,024235736720580	52538,464940348974780



15008,815910955225260	52731,702546451102540



14903,739125958229120	52443,528618930256920



15270,639592736120900	52659,219935742446980



15311,545419568365100	52618,202133500446500



15295,500461629855640	52559,504244085168460



15147,930985828674240	52800,478085555143480



15211,934499363607760	52496,568880450082360



15173,144491160617690	52490,734451682903460



15192,539495262113630	52448,655844210508800



15222,689910728982800	52442,998216315056200



15088,511745990457710	52382,532318182456940



15056,245511894334410	52348,409749938036840



15109,669932282999070	52318,176800871733580



14988,900825785702180	53054,888793276804790



15082,164290102697120	53570,599696015939120



15216,166136622116030	53550,090794894938880



15160,625897604199050	53516,498629265712220



15262,185191808390300	53564,411665505293060



15264,468455067462860	53544,786768742953420



15295,676779848960000	53545,317171358154160



15346,280108731951260	53575,019717809256690



15363,206657765982530	53625,054364509625880



15362,677703108669450	53601,186246825702260



15390,535981727180120	53623,993559279231700



15392,828118575538610	53593,760610212928440



15418,923215003003860	53560,168444583709060



15390,007027069867040	53537,361132130179610



15492,095275931371360	53626,822373226954370



15591,529877917022530	53755,174059403165300



15623,972430232250190	53714,686659776358280



15593,822014765381030	53724,941110336862040



15533,344865612538340	53632,480001122399700



15574,779647102095620	53636,369620300523820



15548,155596017315480	53523,040261519825440



15464,413315531965050	53519,150642341708590



15523,479918931972860	53579,439739602574260



15238,558550448387900	53366,046834122913420



15262,361510027494660	53327,857845828635620



15224,276774700922030	53331,924265878493320



15292,326733685973520	53265,983287423943700



15638,430524198820420	53507,128183063876350



15595,937833394635160	53338,642699004332820



15620,975020507474260	53308,409749938036840



15730,997589228682040	53534,355517310723370



15769,787597431672110	53502,531360398825200



15762,911186886596620	53476,895233997580360



15737,873999773757530	53514,553819676657440



15789,526364382090830	53458,336889167410840



15817,384643000601500	53406,534233749713160



15790,584273696716990	53374,533275966081420



15847,358740248366300	53364,986028892519240



15767,495460583313620	53364,809228020785660



15860,406288462098020	53452,679261271965520



15866,753744349860430	53447,021633376512910



15843,303421208962390	53528,697889415278040



15800,281775747464050	53552,035604484000940



15808,216095607167520	53595,882220673724080



15813,858278618510670	53619,396736614180560



15816,679370124182240	53651,751296141272180



15791,113228354030070	53646,093668245826850



15698,378718694350030	53770,025332628712930



15672,283622266882960	53753,582851557570400



16630,890285180903450	53512,432209215861800



16573,410545752834880	53502,177758655358050



16580,992229174327800	53468,060937112713880



16562,840326195851960	53484,144069738620600



16546,442731819133770	53432,877563637892310



16594,568732045376240	53405,473428519318980



16646,229970242995480	53380,898107348461060



16630,890285180903450	53351,902764384292820



16653,635335445382220	53332,454668493686770



16638,295650383290200	53289,845658406091390



16588,573912595824370	53224,788684310216920



16539,037366616743380	53192,787726526585180



16560,019234690178560	53179,174059403165300



16503,950041014948510	53373,118868992220080



16499,894721975546420	53411,838259901698620



16477,149671711064000	53445,960828146118730



16506,065859644204460	53485,204874969014780



16456,696758294943720	53496,166529016445560



16455,109894323002660	53458,513690039144420



16418,612022968372910	53450,027248195969150



16453,346712131959070	53429,518347074968920



16417,554113653743120	53507,481784807343500



16393,574835855532000	53525,692274595814520



16387,403698186873950	53530,819499876066400



16379,998332984485390	53513,669815317989560



16378,764105450754870	53494,928922914317810



16399,922291743296230	53414,667073849421280



16390,224789692547350	53382,135713450596080



16456,696758294943720	53399,285398008672930



16325,516003281196390	53344,123526028051860



16283,913777161818870	53328,388248443836340



16289,732278392268200	53496,166529016445560



16177,064936384493190	53355,085180075482640



16136,159109552248990	53343,062720797657680



16088,553190394035480	53311,768966500952960



16085,026826011944650	53294,796082814609690



16064,573912595822550	53307,172143835901800



16256,760771419727460	53219,131056414764320



16031,611279212567750	53276,591339727907320



15965,668265267484460	53241,231165381359460



15960,555036913454390	53197,738150935103480



16050,468455067462860	53099,260065379960000



16064,750230814926910	53055,772797635472670



16113,061422849559680	53036,324701744866620



16095,958555596424050	53008,566964882826140



16136,159109552248990	53150,532318182456940



16195,225712952256800	53098,729662764759270



16306,129872768986390	53190,489315194055960



16335,566141770152170	53152,123526028051860



16312,821091505671580	53133,913036239573560



16342,971506972540740	53112,343329888179140



16310,000000000000000	53146,465898132599250



16313,526364382090830	53079,464114447662720



16334,508232455526010	53072,215278706615210



16432,188525839417710	53116,763351681496720



16433,422753373150040	53073,276083937016660



16416,319886120014420	53094,663242714901570



16308,422009617344880	52999,903722167917300



15728,881770599427910	53295,856888045011140



15706,136720334947310	53205,340588419610860



15705,078811020321160	53166,621197510139610



15662,938756654344620	53182,533275966081420



15492,271594150475720	53008,213363139358990



15435,497127598826410	53028,722264260359220



15345,751154074636360	53062,844832504779340



15295,147825191645100	53054,888793276804790



15297,263643820899230	53093,425636612773820



15273,637002460896840	53078,226508345534960



15274,165957118209920	53021,296627647585410



15560,850507792840290	52875,088053426370600



15501,263823324805340	52874,027248195969150



15524,000000000000000	52807,373319552723840



15750,921547987491070	52610,246094272471960



15744,045137442415580	52630,754995393472200



15788,115818629254140	52548,542590037737680



16166,485843238222520	52558,797040598241440



16147,443475574937110	52470,579152305370370



15745,103046757041740	52313,762525780184660



16794,866228948085340	52215,814842840241910



16798,745229768384890	52176,565049315569920



16823,253462223910900	52147,039303736200960



16451,936166379120550	52792,698847198902520



16803,329503465101880	53055,242395020271940



17055,279364976147920	52899,480827023719030



17042,408134981516920	52864,656801994133280



16984,575759115243270	52854,755953177103940



17090,543008797045330	52801,715691657271240



16936,440885299714860	52680,082438606914360



16745,320809379722050	52487,198434248246480



16502,892131700322350	52589,737193151471730



16406,798702288371720	52455,727879079815460



16364,482329703290820	52797,649271607420820



16448,233483777927180	53048,347161022698860



16414,556703928967180	52770,068335617113920



16240,010540604798740	52513,359216562923400



16656,809063389264340	53068,325659528498360



16579,229046983284210	53062,314429889585880



16888,306011484186460	53419,087095642738860



16888,306011484186460	53349,250751308303740



16902,587787231648690	53322,023417061456710



16981,578349390467340	53345,891534745380340



16958,480662687776200	53320,609010087595380



17040,997589228682040	53322,023417061456710



16931,327656945682980	53092,541632254113210



16788,342454841218570	53192,610925654851600



17391,676779848960000	53180,411665505293060



17468,375205159416510	53122,597780448682900



17382,508232455526010	53153,361132130179610



17274,786674171962660	53063,198434248246480



17722,264567080608680	53195,086137859107110



17593,737458942716330	53181,472470735687240



17497,644029530762060	53173,339630635979120



17704,456426951055620	53104,917693275405320



17686,471968602396370	53076,281698756472900



17659,847917517618040	53061,960828146118730



17687,706196136128710	53025,716649440902980



17723,146158176132300	53050,291970611753640



17834,755590869281150	53149,294712080329190



17825,234407037638450	53129,493014446255980



17792,086581845989710	53039,330316564322860



17894,871229994627360	53127,901806600661080



17857,500641133759930	53076,281698756472900



17863,319142364209260	52913,624896762332360



17977,388156535533200	53046,048749690169640



17832,639772240025200	53015,462198880406500



17256,273261165988520	52845,208706103534500



17297,179087998232720	52747,614624907051620



17511,396850620913030	52590,974799253599480



17625,465864792240610	52675,132014198396060



17629,521183831642700	52656,567922666457890



17860,850687296744580	52736,299369116153680



17875,661417701525350	52681,850447324235580



17209,548933103298620	52395,969184434143240



17154,890285180903450	52394,554777460281910



16953,014797895535590	52329,315255790897940



17504,520440075837540	52346,818542092441930



17606,785007156449860	52333,204874969014780



17620,528954657314900	52325,779238356240960



17397,847917517618040	52205,560392279738160



17411,071783950454120	52107,972057785031210



17646,800369303884510	52158,708161270558780



17654,205734506271260	52208,742807970927970



17663,726918337913960	52135,547247073569450



17606,256052499134970	52129,005614819456240



17360,644773286567220	52090,468771483487220



17581,395183605400230	51986,509858904631980



17555,476405397039340	51996,057105978194160



16884,250692444780720	51913,496845580775700



16877,374281899705240	51884,678303488333770



16839,289546573134430	51884,678303488333770



16595,274004921793680	51863,815800623866380



16678,319886120014420	51742,884004358660600



16614,669009023287800	51718,137629017852300



16624,190192854930500	51696,391121794724320



16656,280108731949440	51678,534233749713160



16675,322476395234840	51642,997258531431720



17090,719327016151510	51807,416322541117550



17049,108227307489870	51888,744723538184190



17347,606098662119620	51771,348944707635380



17187,685473934339820	51678,357432877979590



16938,909340367175900	51720,082438606914360



16969,588710491359960	51665,274168369760440



17047,345045116442630	51639,991643711975480



17132,497871354629750	51623,018760025624940



16979,815167199420100	51598,973841469975020



16944,375205159416510	51602,509858904631980



16950,546342828074560	51575,105723786051380



16926,567065029863440	51627,792383562409670



16880,900646281796070	51658,555735243913660



16988,278441716436650	51487,064636364913900



17060,568911549282350	51463,726921296191000



17033,239587588082940	51461,782111707128940



16931,327656945682980	51557,779238356240960



15861,111561338517280	52168,609010087595380



15850,179831754037880	52121,762525780184660



15814,210915056719390	52102,314429889585880



15755,858458122416780	52078,269511333928680



15815,621460809556080	52064,302242467041650



15786,352636438208720	52061,473428519318980



15904,133206800013800	52075,794299129673160



15905,543752552850490	52026,290055044497420



15842,598148332544950	52035,837302118066880



16408,561884479415310	51986,333058032898400



16386,698425310456510	52031,770882068216450



16321,460684241792480	51945,492056662631510



16288,321732639431500	51940,011229638912480



16306,658827426299470	51900,236780200815700



16407,503975164789150	51910,668031633045760



16512,589633751067600	51834,290055044497420



17648,387233275825560	51862,754995393472200



17630,226456708060140	51790,973841469975020



17672,719147512245400	51819,438781818949790



17604,845506746300090	51754,906463636492840



17595,148004695551210	51778,951382192142780



17685,766695725978930	51768,343329888179140



17651,208324781495320	51763,746507223127990



17649,621460809554260	51742,712950188702960



17655,792598478212310	51727,861676963155330



17733,019978445983720	51729,629685680476540



17788,207581025693800	51715,308815070129640



17715,388156535533200	51687,374277336348320



17561,647543065697390	51704,700762766158730



17597,440141543909700	51704,170360150965280



17497,467711311659510	51681,363047697435830



17514,570578564795140	51794,333058032898400



17488,122845699119350	51982,266637983040710



17404,548009843587350	51666,688575343621780



17359,234227533732340	51647,417280324749300



17343,727097841820070	51657,848531756979360



17316,926728537935560	51638,930838481574030



17465,906750091951840	51607,460283313143010



17654,382052725377440	51628,322786177610400



17679,419239838214710	51635,218020175190760



17485,830708850760860	51614,355517310723370



17690,879924080007190	51575,989728144711990



17713,448656125383420	51599,327443213442160



17798,434037733753940	51668,810185804410140



17816,594814301515730	51660,854146576435600



17774,102123497330470	51654,135713450596080



17776,217942126586420	51635,218020175190760



17754,707119395836340	51648,301284683409900



17733,196296665089900	51636,986028892519240



17759,820347749868230	51609,581893773938640



17847,274184425699790	51585,713776090015020



17880,245691398242340	51579,525745579368960



17629,697502050748880	51525,253624659184420



17635,339685062092030	51505,275126153384920



17620,705272876417440	51600,565049315569920



17549,128949509278760	51596,675430137445800



17519,331170480618310	51499,617498257939580



17535,728764857336500	51464,434124783118020



17384,976687522987050	51608,167486800077320



17360,468455067464670	51624,609967871219850



17365,581683421492930	51597,913036239573560



17396,437371764779530	51538,513690039144420



17459,559294204191250	51488,302242467041650



17360,115818629252320	51519,065594148538360



17361,879000820299550	51493,959870362486980



17331,208504285401430	51510,225550561903220



17317,632001414356640	51518,888793276804790



17292,065859644204460	51502,269511333928680



17289,773722795845970	51449,936453301030270



17587,566321274058280	51430,134755666964340



18422,221276157615650	52986,643656787964580



18266,012207620311530	52999,726921296191000



18240,446065850159360	52941,736235367847260



18235,685473934339820	52637,827030262786140



18209,061422849561500	52598,930838481574030



18325,078811020321160	52605,649271607420820



18351,702862105099480	52479,419195892005520



18144,705272876417440	52512,121610460795640



18144,528954657314900	52487,375235119980060



18128,669188527193910	52455,551078208081890



17966,985381608366880	52537,757736862040480



17893,989638899107380	52548,188988294277800



17859,087505105700980	52572,410707721661310



17968,219609142099220	52505,055322293257630



17956,053652023889300	52511,060805230394180



17956,935243119412920	52480,833602865866850



17937,892875456127510	52436,102982317483110



17955,524697366574400	52416,301284683409900



18033,104713772554530	52435,218977958815230



18096,579272650174970	52391,549162640825670



17999,427933923594540	52370,686659776358280



18024,994075693750350	52309,342503986867080



17713,448656125383420	52428,500544832975720



17925,903236557020140	52208,742807970927970



17931,016464911052030	52142,619281942876120



18049,854944587481440	52216,168444583709060



18026,228303227479050	52147,923308094861570



18159,692321500300750	52305,806486552210120



18230,043290922996680	52335,149684558076840



18112,800548807790620	52260,899065132092800



18135,016644414954500	52250,467813699862740



18144,008873589285940	52236,146943089508570



18120,029595791074830	52234,202133500446500



18224,930062568964790	52240,743765754559720



18267,070116934941320	52240,743765754559720



18276,062346109269130	52212,809228020785660



18312,560217463902520	52262,490272977687710



18908,850687296744580	52707,480827023719030



18670,292136848358500	52718,972883686343260



18902,679549628086530	52608,124483811676330



18892,453092920026390	52565,338672852354650



18916,432370718237510	52535,812927272985690



18990,124512714635780	52551,901806600661080



18987,303421208962390	52524,497671482087760



19038,964659406581630	52576,830729514978880



19021,332837496131100	52550,133797883332590



19067,351892682403560	52618,555735243913660



19062,238664328375310	52576,830729514978880



19108,962992391065200	52607,063678581282140



19046,898979266283280	52657,275126153384920



18986,245511894336230	52654,976714820862980



18852,781493621514530	52512,828813947722660



18845,376128419127780	52511,060805230394180



18899,329503465101880	52377,581893773938640



18859,657904166590020	52363,791425778785200



18878,876590048981600	52340,984113325255750



18900,034776341519320	52330,199260149558540



18896,684730178534660	52282,291970611753640



19013,222199417323280	52381,825114695522640



19099,970763216737400	52401,803613201329420



18804,470301586883580	52363,791425778785200



18700,618870534333840	52404,809228020785660



18834,091762396437840	52192,300326899785430



18889,808319633459180	52177,095451930763380



18865,476405397039340	51966,000957783631750



18832,504898424496790	51871,595038980107340



18758,627564619713670	51843,660501246333300



18673,994819449551870	51824,389206227460820



18376,034776341519320	52226,069293400738390



18258,430524198818600	52159,945767372686530



18302,157442536736200	52162,951382192142780



18371,450502644802330	52166,310598755066160



18462,598148332544950	52030,886877709548570



18481,816834214932900	51972,896191781204840



18360,695091279430930	51956,453710710062300



18337,421086357637250	51934,884004358660600



18307,799625548079350	51878,667073849421280



18309,386489520020400	51911,728836863447220



18063,078811020321160	51946,199260149558540



18072,423676632857680	51849,494930013512200



18322,081401295545220	51843,660501246333300



18298,102123497330470	51836,411665505293060



18319,965582666289260	51743,773755419097140



17944,064013124781920	51754,906463636492840



17953,937833394636980	51702,932754048830240



18046,681216643602970	51647,770882068216450



18038,570578564795140	51611,880305106467860



18026,228303227479050	51598,797040598241440



17922,200553955826760	51525,960828146118730



17987,967249681805700	51496,258281695016200



18111,390003054952100	51627,261980947216220



18157,576502871044800	51557,602437484507390



18385,908596611374380	51617,361132130179610



18387,671778802417980	51641,406050685836820



18326,841993211364750	51551,944809589062060



18307,623307328976810	51553,712818306390540



18375,329503465101880	51790,443438854774280



18447,258463270452920	51785,493014446255980



18423,455503691344350	51731,397694397805020



18537,709709671060410	51642,997258531431720



18553,049394733152440	51630,444396638406040



18659,192962634060680	51635,571621918650640



18497,509155715233650	51499,087095642738860



18431,566141770152170	52298,557650811169880



18409,350046162984650	52482,071208967994610



19624,852354312261010	52391,372361769092100



19298,143567900908240	52236,677345704702020



19611,099533222110040	52322,420021793317580



19859,699348570167780	52283,883178457348550



19790,229970242995480	52251,705419801990500



20074,446065850159360	52273,098325281651340



20122,404621446585220	52096,303200250673400



20125,049394733152440	52025,936453301030270



20035,832375866277290	52020,455626277318520



20043,943013945081480	52072,435082566749770



19980,644773286567220	52116,104897884739330



19933,753000594057080	52086,932754048830240



19897,255129239423700	52177,979456289431260



19864,459940485987320	52188,233906849927740



19745,621460809554260	52078,092710462195100



19871,688987469271520	52098,601611583195340



19698,200733459732870	52074,026290412344680



19732,573912595824370	52028,765267248760210



19681,274184425699790	52023,461241096774760



19808,038110372548540	51868,589424160651100



19834,662161457326870	51843,306899502866140



19869,396850620913030	51867,882220673724080



19987,873820269851420	51913,143243837308540



19979,057909314626160	51885,915909590461520



19636,136720334947310	52007,018760025624940



19656,060679093756340	51911,552035991713640



19565,962069131357570	52014,444396638406040



19663,642362515249260	52258,423852927837290



19592,762438435242080	51834,997258531431720



19563,317295844790350	51944,077649688770180



19385,068449919424890	52027,350860274891600



19385,773722795845970	52056,876605854267840



19309,075297485385820	51902,711992405078490



19289,327656945682980	51841,362089913811360



19268,169470653145250	51873,363047697435830



19251,771876276423430	51841,892492529004810



19395,471224846591210	52380,941110336862040



19455,234227533732340	52498,336889167410840



19387,536904986889570	52549,249793524671980



19315,599071592252580	51837,826072479154390



19307,664751732550940	51802,642699004332820



19276,103790512846900	51801,758694645672220



19277,338018046579240	51782,841001370266900



19256,885104630455320	51759,149684558076840



19260,058832574337430	51733,165703115133510



19081,457350210763250	51717,960828146118730



18987,303421208962390	51757,912078455949080



18952,568732045376240	51756,144069738620600



19099,441808559422500	51611,526703363000700



19135,234407037638450	51587,128183063876350



19195,173727943882110	51625,317171358154160



18603,123768958830620	51579,172143835901800



18582,141900885395440	51564,851273225554900



18567,331170480618310	51515,883178457348550



18735,000923259711270	51595,614624907051620



18730,592967782096820	51523,839217685323090



18703,968916697318490	51486,887835493180320



18711,550600118811420	51441,096409714395120



18631,511002234652550	51504,921524409917760



18693,213505331943450	51432,256366127759980



18670,115818629252320	51339,972057785031210



18664,482509207195110	51304,965485181943220



18680,342275337316100	51283,218977958815230



18613,350225666890760	51301,606268619027100



18344,826451560024000	51318,932754048830240



19005,464197776724180	51481,407008469461290



19051,659571182102810	51148,148858656764780



19094,152261986288070	51298,600653799563590



19376,957811840620710	51303,020675592888440



19447,132463044210450	51266,246094272471960



19026,975020507474260	51108,368662516892080



19042,138387350460110	51092,102982317483110



19089,744306508677260	51126,225550561903220



19052,893798715835150	51063,284440225041180



19084,983714592854080	51040,830729514978880



19120,423676632857680	51076,367704733267600



19121,128949509278760	51045,604353051763610



18322,257719514647760	51399,017802242000470



18199,540239017918790	51418,289097260872950



18739,408878737322080	51212,675430137445800



18678,050138488957600	51179,260065379960000



18666,422009617344880	51133,297585431209880



17801,607765677632420	51182,265680199416240



17893,460684241792480	51055,682002740533790



18172,210915056719390	51056,742807970927970



18134,135053319434520	51021,736235367847260



18100,105637032265800	50988,851273225554900



18074,715813481216170	50986,199260149558540



18181,379462450153370	50952,789642093841400



18584,962992391065200	50984,608052303963630



18567,507488699720850	50940,943983687750000



18508,793521737923580	50946,424810711461760



18544,233483777927180	50875,350860274891600



18684,397594376718190	50960,392079578348780



18751,398517636429460	51056,389206227460820



20105,125435974343420	51911,021633376512910



20203,863638672864910	51902,004788918144180



20252,518593556418640	51825,980414073055720



20195,929318813159620	51742,530402615200730



20041,474558877620440	51865,053406726001420



19769,424420388662840	51786,200217933190290



19733,102867253135630	51758,796082814609690



19758,492690804185260	51723,795256913297640



19784,058832574337430	51662,798956165497660



19729,047548213733540	51872,125441595308080



19599,638848980317560	51435,969184434143240



19858,112484598226730	51469,738150935103480



19868,338941306286870	51403,261023163584470



19892,847173761812880	51372,497671482087760



19927,934499363607760	51365,602437484507390



19741,742459989258350	51309,915909590461520



19577,951708030461300	51368,254450560496480



19900,428857183305810	51230,709119054190520



19874,157442536736200	51195,348944707635380



19849,825528300316360	51189,691316812190060



19854,409801997033360	51169,712818306390540



19875,391670070468540	51069,295669863953660



19871,512669250168980	51043,129140847508100



20121,875666789270330	51116,147900873133040



20126,459940485987320	51074,069293400738390



20200,866228948085340	51118,446312205662250



20268,563551494928110	51255,107639353307600



19447,132463044210450	51074,422895144205540



19422,095275931369540	50931,573537485914130



19435,142824145103080	50913,363047697435830



19706,664007976745780	50933,341546203242620



19336,404621446585220	50999,812927272985690



19370,610355952856480	51060,278825405584940



19334,112484598226730	50974,359348445235810



19365,849764037036950	50836,985071108887500



19024,859201878221940	50833,802655417697680



18994,708786411352780	50819,481784807343500



19029,443475574938930	50789,956039227974540



19067,175574463301020	50676,102024533851360



18926,658827426301290	50748,059979329082120



18873,939679914055890	50774,226508345534960



18900,563730998834220	50745,231165381359460



18897,742639493160820	50694,489315194055960



18876,231816762414380	50690,599696015939120



19108,257719514647760	50398,530402615200730



19268,345788872247800	50299,704462018358760



19270,108971063291390	50262,753079826215980



19243,661238197619240	50253,205832752646530



19220,916187933136820	50234,288139477241200



19193,586863971941060	50243,658585679077080



19210,160776567761790	50287,858803612267360



19169,440141543909700	50279,902764384292820



19170,321732639433320	50294,223634994647000



19186,895645235254050	50268,587508593394880



19165,208504285401430	50261,515473724088220



19365,320809379722050	50267,526703363000700



19337,462530761211380	50242,244178705215740



19388,594814301515730	50429,470555168431020



19388,242177863307010	50410,906463636492840



19508,834966141497720	50554,822373226954370



19550,446065850159360	50520,699804982534260



19555,206657765982530	50475,615582690683370



19509,363920798812620	50532,545463388625650



19631,023491980915420	50516,810185804410140



19577,775389811358760	50652,764309465128460



19541,630154894937730	50630,133797883332590



19521,882514355231250	50630,133797883332590



19700,316552088985190	50590,884004358660600



19737,334504511643900	50603,083264508226420



19669,284545526592410	50584,171317934589750



19804,335427771355170	50473,670773101621300



19854,762438435242080	50614,398520299117080



19856,525620626285670	50584,701720549790480



19715,127282493762320	50400,652013075989090



19759,903236557020140	50404,364831382379640



19406,402954431072430	50306,953297759406270



19412,574092099726840	50293,693232379446270



19441,842916471076020	50287,505201868800220



19411,163546346891960	50265,758694645672220



19395,118588408382490	50262,929880697949560



19357,915444177335300	50201,055322293257630



19526,995742709263140	50277,604353051763610



19542,159109552248990	50263,813885056610160



19592,409801997033360	50241,536975218281440



19651,300087177933160	50669,206790536278280



19942,745229768384890	50748,943983687750000



19963,198143184508810	50708,633384932676560



19903,249948688979200	50665,493972229887730



19900,605175402411990	50628,012187422544230



19887,204990750469730	50568,082438606914360



20052,758924900306740	50506,555735243913660



20086,788341187475450	50481,273210586128700



20127,694168019719660	50570,204049067702720



20582,930062568964790	51888,214320922990740



20564,592967782096820	51876,191861645158500



20360,425343648374110	51768,166529016445560



20379,820347749868230	51729,452884808750240



20376,999256244194840	51703,816758407498130



20366,596481317028520	51663,506159652431960



20420,549856363006260	51639,284440225041180



20302,064013124781920	51713,717607224534730



20295,540239017918790	51631,151600125333060



20181,471224846591210	51667,395778830548800



20328,688064209563890	51566,088879327682660



20287,605919158213510	51508,987944459775460



20427,602585127187920	51570,508901121000240



20351,609432693148850	51523,662416813589520



20458,634591689577060	51525,607226402651580



20575,172060928365680	51488,655844210508800



20449,113407857934360	51500,501502616600190



20440,473815121815280	51396,896191781204840



20616,783160637027320	51537,452884808750240



20627,714890221508540	51525,607226402651580



20645,170393912852890	51516,590381944282860



20763,832555370179760	51563,790467995153450



20630,535981727178300	51504,214320922990740



20605,851431052549740	51521,364005481067580



20599,856611602997870	51492,899065132092800



20616,783160637027320	51436,853188792811120



20417,376128419127780	51358,884004358660600



20442,060679093756340	51353,585724908451080



20183,410725256740990	51445,693232379446270



20168,776313071066400	51428,013145206168700



20325,514336265681780	51238,841959153898640



20318,990562158815010	51221,869075467548100



20353,019978445983720	51178,199260149558540



20301,006103810155760	51199,945767372686530



20302,416649562994280	51179,083264508226420



20330,274928181504950	51168,652013075989090



20330,627564619713670	51139,839217685323090



20390,399440896137090	51138,424810711461760



20381,759848160018010	51102,711034621446740



20368,535981727178300	51073,715691657271240



20297,479739428064930	51118,799913949129400



20443,294906627488670	51072,831687298610630



21017,192962634060680	51959,105723786051380



21049,274004921793680	51936,121610460795640



21091,766695725978930	51925,872906602067820



21042,926549034033090	51916,856062143699090



21019,837735920627890	51857,097367498026870



20969,234407037638450	51877,959870362486980



20969,763361694949710	51859,042177087081660



21254,508411959432120	51788,145027522252350



21185,920624727779800	51773,470555168431020



21180,102123497330470	51787,261023163584470



21475,602585127187920	51676,059021545457660



21444,217942126586420	51684,722264260359220



21401,548933103298620	51669,694190163078020



21408,249025429267930	51722,027248195969150



21366,108971063291390	51614,001915567256220



21377,393337085981330	51550,707203486934300



21315,505642180301950	51567,503286301544000



21319,737279438810220	51548,944941471374480



21315,153005742093230	51671,462198880406500



21330,492690804185260	51696,567922666457890



21255,918957712267000	51757,912078455949080



21244,458273470474520	51521,364005481067580



21221,713223205995750	51537,983287423943700



21210,428857183305810	51504,037520051257160



21274,432370718237510	51479,992601495599960



21044,866049444182860	51557,779238356240960



21002,029595791074830	51575,812927272985690



21009,963915650776470	51557,425636612773820



20971,526543885996940	51432,609967871219850



20985,984637852565360	51418,289097260872950



21026,705272876417440	51382,928922914317810



21004,850687296744580	51374,265680199416240



20974,700271829875420	51360,475212204255520



21002,911186886594800	51333,076823787450850



20940,670855542706700	51336,436040350374240



21408,425343648374110	51373,028074097281200



21413,009617345091100	51461,074908220194630



21419,004436794642970	51439,328400997066640



21470,665674992262210	51413,869075467548100



21500,639772240025200	51405,205832752646530



21528,850687296744580	51409,802655417697680



21462,378718694348210	51346,867291782611580



21481,244768138531070	51328,480001122399700



21473,486766497931970	51319,993559279231700



21477,365767318231520	51280,566964882826140



21246,926728537935560	51204,365789166011380



21012,256052499134970	51300,015060773432200



21004,498050858535860	51267,306899502866140



21026,705272876417440	51215,857845828635620



21031,289546573134430	51168,652013075989090



21021,071963454360230	51138,778412454928910



20979,108227307489870	51127,639957535764550



20975,229226487190320	51091,572579702282380



20924,802215823303410	51116,501502616600190



20900,646619805986120	51104,655844210508800



20865,911930642399970	51145,320044709042120



20820,598148332544950	51185,801697634065930



20829,237741068664040	51082,909336987380810



20839,111561338515460	51062,046834122913420



20825,358740248364480	51063,991643711975480



20924,802215823303410	51046,311556538697920



20922,157442536736200	51031,813885056610160



20935,381308969572270	51029,161871980621070



20956,186858823904910	51028,454668493686770



20971,879180324205660	50993,801697634065930



21104,461607501503750	50994,862502864467390



20822,713966961797270	50974,707203486934300



20802,437371764779530	50981,956039227974540



20798,558370944483610	50960,568880450082360



20788,155596017317290	50946,071208967994610



21139,725251322401160	50887,019717809256690



21020,895645235254050	50801,624896762332360



20866,440885299714860	50792,431251432230060



20841,932652844188850	50762,204049067702720



20876,491023788668830	50735,330316564322860



20841,932652844188850	50738,512732255512680



20741,263823324803520	50802,155299377533080



20615,196296665089900	50777,232123164991210



20577,816834214932900	50772,635300499940060



20565,827195315829160	50791,016844458368720



20546,079554776126320	50808,696931631646300



21021,424599892568950	50693,251709091928200



21000,971686476445030	50686,179674222621540



20628,420163097925980	50609,978498505799500



20606,733022148073360	50605,912078455949080



20613,433114474042670	50586,116127523651810



20600,209248041206590	50584,171317934589750



20569,529877917022530	50562,424810711461760



20596,506565440013220	50393,939326651918240



21044,513413005974140	50492,588466377026640



21019,308781263312990	50452,985071108887500



21192,973353491961460	50575,331274347954600



21285,893054960029980	50545,805528768585640



21225,063269368980400	50524,059021545457660



20620,838479676433050	50224,387290660204600



20535,676779848960000	50106,113254172763840



20835,408878737322080	50103,814842840241910



21074,134873815528410	50202,646530138852540



21043,455503691344350	50203,353733625779570



20809,313782309855010	50082,775539104040940



20789,566141770152170	50069,692274595814520



20773,873820269851420	50065,095451930763380



20747,787597431670290	50047,592165629226660



20237,893054960029980	50102,930838481574030



20103,714890221508540	50122,555735243913660



20063,161699827473060	50103,638041968508340



21173,754667609569880	50144,479043338775220



20927,623307328976810	49954,070251184370140



21167,407211721809290	50301,472470735687240



21212,544675812561760	50288,389206227460820



21230,881770599426090	50272,477127771519010



21218,892131700322350	50194,867291782611580



21137,080478035833950	50511,506159652431960



21133,730431872849300	50464,300326899785430



21217,481585947487470	50515,395778830548800



21218,892131700322350	50499,660501246333300



21203,023491980915420	50491,881262890092330



21241,637181964801130	50499,660501246333300



21241,108227307489870	50475,438781818949790



21243,753000594057080	50414,442481071149820



21333,313782309855010	50503,019717809256690



21355,000923259711270	50535,904679951549040



21379,861792153442370	50568,612841222107820



21409,659571182102810	50610,508901121000240



21405,780570361806900	50651,173101619533560



21603,953375045977740	50799,149684558076840



21590,200553955826760	50765,916867374093270



21600,955965321201800	50733,739108718727950



21490,942270189279950	50650,819499876066400



21503,989818403009850	50614,752122042584240
