X	Y

23584,293834967742440	73851,900263309362340



23623,788393975468350	73889,585210557241220



23755,667927244663590	73954,693476224943880



23742,444302576896010	73969,378220927173970



23672,270934339958330	74044,254112579292270



23529,107241354271540	74206,000000000000000



23460,168078086324380	74204,370907224059920



23487,673217395276880	74129,531786633189770



23433,544513755226940	74072,385129538975890



23719,523353152773780	73871,361973155682790



23773,652056792823720	73843,230956195999170



23764,131047032031350	73854,554132833858600



23470,923292816107280	73767,293516734076540



23769,949441885848500	73792,062965629404060



23894,780458749548420	73724,477755072162840



23571,070210299978500	73964,778180418041300



23411,681454304522050	73993,439971282641640



23582,001740025330940	73751,724148857014370



23882,967354046344550	73802,678443727403640



23553,086080751818370	74003,878524745668980



23769,773126890278940	74054,515741407347380



23748,791642417425460	74061,238877536088700



23581,296480043049090	74477,793010369932740



23777,883616686507600	74508,224047584197250



23779,294136651067680	74456,208204904018200



23490,494257324397040	74386,993901570836900



23510,946796810541860	74379,739991537207970



23620,262094064062700	74279,777572781065830



23811,912410831555460	74559,532191724501900



23773,652056792823720	74528,393455970377540



23730,454882878122590	74617,954092324725940



23782,115176580191470	74622,907982103788520



23774,004686783962820	74639,361973155682790



23758,841597164926500	74625,561851628284780



23715,644423250229010	74638,477349980850700



23636,483073656519990	74621,846434293984200



23563,841295481601260	74566,432252488200900



23910,115779946841940	74608,754011306460600



23912,231559893683880	74597,430834668601160



23872,917399298843520	74676,516146498674060



23860,575349608930990	74672,269955259471320



23781,938861584621920	74710,662601047224600



23704,360263533733820	74731,716632608251530



23704,007633542594700	74706,947183712924020



23640,890948545777060	74688,016247771491180



23577,946495127216620	74666,431442305576640



23715,644423250229010	74674,923824783967580



23603,512169484893090	74790,138533208461020



23592,933269750683400	74818,800324073046800



23657,636789707634310	74905,139545936748620



23649,349984915832460	74879,308549231631330



23612,151604267834040	74871,170016023170320



23629,254158838142760	74908,854963271049200



23574,772825206953710	74906,201093746552940



23762,191582080758960	74901,777977872392510



23806,975590955589720	74933,270562896446790



23503,012622009882760	74768,163107411368400



23518,880971611200950	74754,893759788872560



23528,225666376420120	74733,132029687985780



23652,699969831668570	74992,930935941432840



23668,920949424125860	75020,885028266144220



23588,701709856999520	75234,823683002003240



23679,147219167196460	75268,970137550568320



23496,488967173783750	75144,909197377739480



23711,765493347684240	75102,801134255685610



23531,046706305543920	75274,808650504463000



23544,975590955589720	75244,377613290198500



23789,520406394138260	75158,709318905137480



23687,434023958994660	75131,286000485313700



23823,020255552477460	74711,547224222056680



23311,009675251250880	73841,992483751222610



23322,822779954454740	73844,823277910691100



23230,257407280099870	73845,530976450550950



23257,233601602340060	73861,454193597557600



23265,167776402999150	73962,301235528517280



23219,678507545890170	73957,701195019384620



23298,843940556907910	74043,900263309362340



23275,217731150500180	74223,869388131628510



23453,644423250229010	74327,547224222056680



23261,288846500454380	74343,293516734076540



23296,904475605635520	74361,516754135634980



23434,602403728647920	74697,393253424728760



23461,225968059745360	74729,593536988642880



23334,988514648797720	74815,792605278620620



23183,533933454000360	74777,009339159689260



23197,991763090754830	74678,462317483295920



23024,149260875852630	74670,854558179737070



23116,362003559064760	74521,847244476623020



23110,367293709678050	74452,138938299773140



23187,589178352114690	74274,292909097101080



23002,462516420717290	74302,070076786869320



22979,188937005452320	74324,185656157686020



23060,822779954454740	74312,685554884854360



23002,638831416290490	74404,192362223824600



23127,818394853817150	74193,578504491102650



23141,042019521581100	74253,061952901116460



23064,525394861426320	74272,523662747436900



22996,467806571330580	74174,647568549669820



23029,262395747387930	74160,493597752341880



22988,709946766244680	74022,846231748335420



22972,488967173783750	74022,138533208461020



22963,144272408564580	74004,232374015598900



23008,457226270104000	74091,316065480408720



23020,622960964450610	74095,562256719596920



23007,751966287825780	74148,462722574622600



23107,017308793845590	74109,185453612037240



23206,807512869265340	73967,432049942552110



23222,675862470583520	73942,839525682182280



23181,418153507154780	73945,847244476623020



23122,881574977851420	73906,569975514037650



23199,931228042027220	73861,808042867487530



23030,320285720808900	73729,431644851225430



23019,741385986599200	73756,854963271049200



22978,307362027600900	73764,108873304678120



23006,870391309974370	73791,355267089544220



22977,954732036461790	73803,563066902235730



23071,401679688664440	73627,486284049227840



23065,230654843708180	73643,092422987523600



22925,941808343253800	73889,408285922268990



22799,880669927875720	73820,724756493989840



22956,973247563608310	73965,132029687985780



22748,220376225806830	73605,016855408466660



22709,078447209223670	73765,878119654342300



22842,901528847003650	74096,623804529401240



22926,647068325535660	74085,831401796443970



22891,031439220354510	74127,408691013595670



22747,867746234667720	74331,085716921385030



22732,352026624488640	74339,047325494888360



22869,873639751931480	74433,031077723382620



22874,457829636754470	74410,915498352565920



22834,967354046344550	74397,963228938766400



22816,806909502614870	74487,700789928072480



22951,860112692073020	74517,070279332518110



22871,460474712061110	74651,392848333416620



22852,775168598935120	74662,539100336303820



22839,022598944458880	74662,892949606233740



22893,323534162766010	74665,016045225842390



22792,828070105068040	74667,316065480408720



22924,002343391981410	74777,893962334535900



22727,415206748522900	75383,654072070159600



22784,893895304408940	75322,224452675509380



22773,257105596774640	75367,730854923167500



22792,122810122786180	75364,369286858796840



22708,196872231372250	75297,808853050111800



22685,452237802815940	75292,854963271049200



22632,910369122899280	75301,170421114482450



22663,589178352114690	75360,123095619594100



22583,546253780554250	75358,707698539859850



22561,683194329853000	75284,539505427615950



22583,898883771697000	75305,416612353685200



22715,778417040892240	75284,185656157686020



22704,494257324397040	75268,793212915596080



22669,936518192640510	75269,323986820498250



22686,333812780667360	75268,439363645666160



22565,385809236824570	75374,277066416922020



22551,985869573491070	75385,246393784851540



22561,154249343140690	75265,431644851225430



22544,228009768401540	75266,139343391099830



22550,222719617788240	75194,131016959683620



22595,888303470470420	75095,016450317154520



22593,067263541346620	75070,600850691756930



22579,491008882439930	75090,416409808021860



22548,459569662085410	75115,893557243209220



22541,230654843708180	75128,101357055915280



22665,352328307813880	75076,439363645666160



22620,920949424125860	75085,639444663931500



22505,262395747387930	75050,608366940534320



22509,317640645502250	75033,800526618710140



22493,449291044184060	75023,892747060584950



22473,878326535894300	74951,139951028075300



22527,301770193662380	74921,416612353685200



22815,220074542481600	74915,401174764818280



22567,501589183666510	74776,478565254801650



22506,849230707521200	74881,608569486197660



22585,838348722969380	74516,008731522728340



22690,565372674354880	74573,686162521829830



22694,620617572469200	74544,316673117384200



22860,176314995569560	74573,509237886872140



22653,010278617901350	74551,570583151013120



22622,331469388685950	74218,207799812691520



22627,444604260221240	74181,901478583298740



22702,907422364267400	74146,162702320056270



22708,196872231372250	74129,708711268162000



22939,518063002156850	74182,255327853243220



22917,831318547025150	74195,524675475724500



22928,057588290095740	74168,985980230747380



22690,036427687642570	73870,123500710920780



22616,865704526011540	73534,777775326729170



22624,447249335527890	73510,539100336303820



22590,246223612222820	73547,870198314252780



22352,044664596887740	73605,370704678396580



22310,438409059632250	73651,054031561026930



22302,327919263403600	73660,607961849222200



22392,244483586891880	73969,908994832076130



22310,438409059632250	74029,746292512034420



22421,865402842686310	74055,046515312249540



22427,154852709791160	74139,085716921385030



22276,938559901296680	74172,701397565033400



22265,654400184805130	74178,009136614040470



22270,767535056340420	74277,477552526499500



22382,723473826103140	74219,269347622495840



22263,185990246820440	74477,262236465030580



22276,409614914584380	74832,423520965487120



22317,667323878013120	75143,493800298005220



22296,685839405159640	75189,884825720495430



22257,367595393003280	75193,954092324725940



22429,975892638914960	75381,354051815593260



22279,054339848138620	75362,953889779062590



22293,335854489323540	75347,701600110696740



22247,493955641071810	75368,261628828069660



22347,284159716491560	75404,885028266144220



22334,417248457179080	75401,700384836745800



22154,223322984438710	75328,947588804236150



22147,170723161631030	75346,993901570836900



22134,123413489436640	75338,501519092431410



22137,297083409699550	75361,715417334300580



22078,936819875965740	75323,993699025173560



22132,007633542594700	75193,246393784851540



22169,915357590187340	75162,070886969493580



22237,091370902431660	75163,663208684200070



22261,599155286690800	75144,732272742767240



22207,823081637779980	75151,101559601564080



22256,309705419582320	75259,770056532302990



22210,115176580191470	74975,592321714706480



22231,272976048614510	74948,839930773508970



22178,554792373128290	74708,008731522728340



22178,554792373128290	74690,670117296001990



22069,596208528058920	74715,439566191314950



22042,267384214675980	74704,470238823385440



22010,001740025330950	74749,232171469935560



22006,651755109498480	74775,593942079969560



22043,325274188096960	74987,623196892425760



22011,941204976603330	75075,908589740764000



22299,506879334279800	74830,654274615808390



22072,946193443891390	74600,969327367929510



22136,239193436278580	74520,254922761916530



22111,202464065310780	74460,277471508248710



22134,828673471718500	74480,800729164373480



22148,404928130621560	74400,830794159468500



22210,820436562473330	74388,586223285528830



22394,360263533733810	74460,277471508248710



22159,689087847116750	74390,001620365263080



22102,739344277943020	74367,709116359474140



22065,364648634371410	74340,816571844552520



22088,105199645615360	74304,723946311365580



22231,449291044184060	74246,692666042319620



22037,330564338710250	74278,892949606233740



22074,352629991139110	74265,977451253682380



22120,547158830533590	74134,131827142322440



22024,635884657658610	74156,778180418041300



22461,359961850408580	74171,109075850341470



22395,770783498297530	74153,947386258587360



22230,391401070763100	74018,423115874160430



22046,322629112790310	73908,339221863701820



22021,991159724104360	73924,262439010693920



22028,162184569060630	73942,131827142322440



22031,159539493753980	73867,646555821382210



22088,105199645615360	73876,138938299773140



22231,096661053044950	73728,193172406463420



21897,689087847116750	73776,139748482411960



21880,233903285665290	73815,770866714927250



21805,656743576786540	73660,607961849222200



21817,818394853817150	73652,469428640761180



21866,657648626762240	73725,893152151897080



22112,965614021013610	73781,447487531404480



22109,791944100750700	73769,593536988642880



22117,373488910267040	73760,924229875279700



21966,980881106203020	73835,800121527398000



21949,878326535894300	73960,001215273950940



21749,412259989891030	74087,777572781065830



21748,178055020900500	74106,177734817596500



21737,246525295548050	74097,862276974163250



21946,880971611200950	74135,016450317154520



21807,772523523628480	74116,085514375721680



21834,920949424125860	74288,446879894429000



21884,641778174922360	74334,270360350783450



21732,486020415151870	74312,331705614924430



21785,733149077354030	74562,716835153900320



21917,965312337688370	74838,615883189311720



21809,535673479327670	74926,016652862817860



21771,275319440595920	74932,032090451670230



21779,209494241255020	74926,016652862817860



21789,788393975468350	74921,416612353685200



21885,170723161631030	75048,485271320940230



22025,870089626649130	74971,309359414255600



21955,344091398568710	75139,955307598676880



21757,699064781692870	75110,762742829188940



21868,068168591322320	75213,061952901116460



21823,989419698773420	75340,978463981969980



21974,209795924580250	75334,786101758130820



21917,612682346549260	75337,439971282641640



21996,601800361997450	75279,585615648553360



21971,565070991029640	75259,062357992428590



22046,498944108359860	75312,847447022271810



21846,028794145047870	75415,854355634073720



21486,707000007612800	75469,816369298889180



21480,888605153795650	75433,723743765702240



21589,494559007722270	75474,062560538091930



21614,883918369832830	75281,354861998217530



21487,764889981033780	75277,462520028959260



21655,612682346549260	74915,224250129846040



21543,833058572356090	74970,247811604465820



21647,678507545890170	74815,792605278620620



21720,143970725239340	74778,601660874395750



21496,580639759544280	74828,354254361242060



21544,538318554634320	74630,692666042319620



21532,548898855860900	74567,139951028075300



21626,520708077463500	74584,301640619829420



21596,194528839390840	74562,362985883970400



21663,017912160496050	74525,562661810923600



21662,136337182644640	74103,170016023170320



21729,488665490458520	73765,347345749454690



21512,096359369719720	73640,261628828069660



21408,952086961155150	73651,761730100886780



21388,675862470583520	73739,162499774392920



21424,820436562473330	73758,978058890657850



21441,922991132782040	73779,147467276838140



21348,652358476148950	73813,647771095333160



21359,407573205928200	73940,008731522728340



21353,060233365402380	73932,047122949225020



21364,873338068606240	73927,093233170162420



21458,849230707521200	73974,332110706236560



21445,978236030896370	73981,586020739880040



21433,812501336553400	74109,185453612037240



21392,025847386415990	74076,100546873276470



21408,423141974442840	74178,716835153900320



21435,928281283395340	74133,954902507350200



21364,344393081893940	74192,163107411368400



21340,541868679920300	74157,132029687985780



21474,364950317696640	74202,424736239423510



21713,444000893570770	74256,954294870374720



21690,523051469444910	74264,208204904018200



21361,170723161631030	74430,731057468816290



21417,062576757383800	75405,061952901116460



21192,088725827125020	75121,201296292216280



21176,220376225806830	75080,154780979966740



21207,780760432873650	74843,392848333416620



21162,644121566903780	74324,539505427615950



21145,894196987734180	74303,131624596659100



21186,270330973307860	74309,323986820498250



21189,620315889143970	74295,523865293100240



21207,604445437304090	74298,885433357470900



21125,089027510450250	74245,454193597557600



21038,342049689912530	74188,624614712040060



21069,726118901409790	74187,209217632305810



21142,367897076328520	74159,608974577509800



21161,762546589052360	74148,108873304678120



21235,814844728534810	74156,247406513139140



21185,388755995456450	73993,086122012697160



21046,452539486141180	73956,816571844552520



21148,362606925715230	73703,777572781065830



21052,623564331101080	73822,353849269929920



20976,283254666515860	73757,916511080853520



21006,256803913449400	73772,247406513139140



21051,036729370967800	73737,570178059686440



21152,770481814972300	73901,616085734975060



21132,317942328827480	73908,162297228729580



20974,343789715243470	74097,331503069275640



20923,036126004317340	74096,446879894429000



20945,428130441730900	74063,008123885752860



21007,667323878013120	74151,647366004021020



20988,448989360858830	74246,869590677291860



20989,154249343140690	74575,278484236536320



20972,228009768401540	74615,654072070159600



20881,425787049749490	74494,777775326729170



20925,151905951159280	74527,508832795545460



20919,862456084054430	74503,270157805120100



21055,797234251363990	75258,000810182638820



20659,978236030896370	75492,462722574622600



20578,344393081893940	75426,115984462143390



20610,962667262381730	75335,847649567935150



20554,012923693208000	75371,446272257468080



20522,276224490571620	75304,885838448783040



20697,709645082919450	75337,616895917599320



20729,622659281125380	75274,277876599560840



20713,930624675376750	75241,016045225842390



20676,904475605635520	75239,600648146108140



20621,188937005452320	75135,178342454571980



20575,875983143912890	75175,200081018265340



20517,515719610179080	75200,854153088424940



20546,255063888118460	75116,070481878181460



20545,373488910267040	75059,808447958799660



20525,449894410834530	75053,616085734975060



20623,128401956724700	75109,878119654342300



20770,876284827238120	75197,669509659026520



20777,047309672194390	75001,069469149893850



20543,081393967855550	74944,770664169278460



20573,936518192640510	74943,886040994431820



20625,596811894709390	74885,854760725400410



20811,605048803954560	74944,593739534306220



20827,297083409699550	74891,162499774392920



20828,178658387550970	74911,685757430517700



20856,212742683212130	74884,616288280623850



20842,989118015448180	74829,769651440976300



20813,015568768514640	74833,661993410249120



20609,023202311109340	74824,815761661913710



20631,767836739665650	74821,984967502445220



20648,341446323262060	74767,986182776396160



20758,538318554634320	74793,853950542761600



20844,575952975581460	74673,331503069275640



20688,717580308839390	74625,915700898214710



20782,513074534872430	74659,531381541877640



20818,128703640049940	74605,215518607132260



20801,378779060880330	74645,200486109577470



20654,512471168218330	74586,601660874395750



20632,649411717517070	74467,354456906905400



20600,912712514880700	74457,446677348780220



20594,212742683212130	74482,569975514037650



20625,067866907997090	74445,592726806018620



20734,206849165948370	74606,807840321824180



20837,523353152773780	74385,578504491102650



20771,581544809519980	74395,132434779297910



20774,402584738640140	74353,732070197103900



20747,430473833712310	74340,639647209580290



20760,125153514767590	74327,370299587084440



20558,068168591322320	74353,024371657244040



20602,675862470583520	74404,015437588866920



20658,215086075193540	74374,432252488200900



20565,297083409699550	74501,147062185526010



20838,228613135052000	74201,717037699563660



20807,902433896979350	74200,832414524731580



20754,835703647662740	74169,339829500677300



20672,320285720808900	74259,254315124941060



20704,233299919014830	74226,877106926054700



20582,223322984438710	74275,354456906905400



20713,930624675376750	74030,100141781964340



20654,159841177079220	73937,531786633189770



20691,009675251250880	73786,932151215369230



20618,191582080758960	73838,277066416922020



20711,462214737392060	73718,816166753240400



20694,888605153795650	73717,400769673506140



20832,233903285665290	73932,931746124057100



20508,876284827238120	73807,278484236536320



20453,341144639936830	73924,793212915596080



20383,167776402999150	73888,169813477506980



20354,781062116198880	73870,477349980850700



20368,533631770675130	73924,262439010693920



20367,828371788393270	73752,431847396888770



20402,033480929010690	73704,839120590870150



20599,149562559177870	73946,908792286412790



20304,531288378693720	74122,808650504463000



20342,439012426282720	74084,769853986639640



20250,049954747501030	74138,908792286412790



20201,038469396298750	74124,047122949225020



20174,414905065197670	74136,962621301790930



20153,609735587917380	74191,278484236536320



20220,609433904592150	74235,192564769487940



20482,609433904592150	74170,932151215369230



20333,446947652202650	74265,269752713807980



20258,865704526011540	74378,501519092431410



20223,959418820424620	74372,309156868606800



20193,104294595639660	74355,147467276838140



20317,754913046457660	74390,001620365263080



20272,089329193775480	74440,284987757011550



20319,518063002156850	74481,331503069275640



20500,417248457179080	74565,724553948341060



20297,655003551455590	74600,615478097999580



20184,817489803841450	74545,908994832076130



20326,041717838255860	74630,161892137417460



20283,020858919127930	74723,931948669720440



20214,438409059632250	74694,385534630288020



20417,196570548047020	74741,093638261474560



20321,633842949002430	74852,592929351667410



20360,070511983303730	74849,762135192213460



20199,804264427308230	74777,717037699563660



20231,188333638801850	74763,032292997333570



20157,136035499319400	74708,716430062588190



20149,907120680942170	74637,238877536088700



20250,931529725352450	74914,516551589986200



20145,675560787258290	74874,708508722498660



20435,533330087346260	74922,655084798447200



20318,283858033166320	75021,946576075948540



20374,175711628919090	74989,038593972160020



20300,123413489436640	75137,655287344110550



20283,549803905840240	75147,209217632305810



20279,847188998865020	75094,839525682182280



20440,117519972172890	75078,031685360358100



20503,586834960133270	75131,286000485313700



20345,788997342118820	75148,624614712040060



20335,739042594617790	75162,424736239423510



20262,039374446274450	75196,077187944320030



20426,717580308839390	75308,601255783083620



20485,430473833712310	75182,277066416922020



20377,349381549182000	75371,446272257468080



20410,672915711951650	75369,500101272831670



20390,573006216949580	75302,939667464146620



20360,775771965585590	75319,570583151013120



20486,488363807133280	75459,023966565931920



20355,133692107337990	75576,007921340089520



20315,286503108472970	75655,093233170162420



20635,646766642210420	75592,638837026956020



19819,144272408564580	75507,501316546782620



19873,272976048614510	75414,615883189311720



20293,423443657768080	75416,208204904018200



20093,133692107337990	75275,516349044322850



20123,988816332122950	75211,646555821382210



20069,331167705360710	75215,892747060584950



20079,910067439574050	75206,338816772389690



20049,936518192640510	75197,846434293984200



19957,198913940028430	75172,900060763699000



19938,685839405159640	75197,669509659026520



19911,533330087346260	75173,784683938531090



19918,762244905727130	75139,070684423844800



19931,633239582351960	75167,592321714706480



19896,899185455022230	75219,608164394885540



19914,001740025330950	75283,301032982853940



19892,667625561338360	75238,185251066373900



20289,015568768514640	75246,146859639862670



20084,670572319970230	75257,823885547666580



19899,720225384146030	75088,470238823385440



19989,813104703203860	75001,246393784851540



19995,984129548160130	74974,530773904902160



19988,049954747501030	74948,486081503564490



20336,796932568038760	75003,900263309362340



19887,907120680942170	74893,108670759029340



19875,036126004317340	74841,800526618710140



19837,128401956724700	74884,616288280623850



19857,933571434008630	74948,486081503564490



19969,012018643232300	74792,084704193097420



20014,673519078602110	74772,055449380626670



19951,027889095072170	74741,447487531404480



19972,362003559064760	74683,416207262358510



19893,549200539186130	74648,562054173948120



19867,807211185940100	74580,586223285528830



20046,939163267947150	74601,500101272831670



20067,391702754088330	74603,977046162355690



20056,283858033166320	74540,778180418041300



19818,615327421855910	74651,923622238304240



19791,991763090754830	74797,392443242089940



19923,875379777262420	74509,462520028959260



19917,704354932306160	74488,054639198002400



19904,480730264538580	74475,316065480408720



19890,199215623353670	74404,723136128726760



20069,154852709791160	74461,692868587982960



20086,257407280099870	74299,062357992428590



20113,762546589052360	74264,738978808905820



20061,220677909132060	74241,915700898214710



20080,439012426282720	74203,309359414255600



20045,881273294526180	74232,892544514921610



19907,478085189231930	74244,923419692655440



19837,657346943437000	74236,431037214249960



19854,230956527033410	74206,884623174832080



19991,047309672194390	73820,370907224059920



20088,549502222515000	74093,085311830072900



19775,065523516015670	74183,139951028075300



19745,091974269082130	74208,653869524496260



19811,562727599048230	74247,577289217151700



19756,552448981146880	74313,924027329630920



19731,339404614605880	74336,747305240322020



19735,570964508293400	74375,316875663032990



19783,881273294526180	74452,138938299773140



19813,678507545890170	74512,824088093329920



19772,420798582461430	74730,478160163474970



19704,543608705247610	74786,069266604230500



19739,273579415264980	75013,100344327613130



19665,401679688664440	75051,669914750338650



19783,881273294526180	75285,247203967490350



19758,668228927988820	75263,308549231631330



19718,468409937981050	75273,216328789756520



19689,556834081780840	75508,739788991544630



19752,320889087459360	75600,777370235417040



19800,102252886983480	75524,486081503564490



19546,918002665493990	75602,369691950108970



19562,610037271242620	75556,192362223824600



19614,094015977738310	75470,524067838763580



19422,267384214675980	75440,093030624499080



19418,035824320992110	75471,054841743651200



19604,573006216949580	75186,346333021152530



19562,433722275669420	75201,561851628284780



19561,552147297821650	75163,663208684200070



19584,296781726374320	75156,409298650571140



19546,212742683212130	75164,017057954130000



19322,120466730804760	75282,062560538091930



19381,009675251250880	75276,754821489084860



19511,655003551455590	75089,177937363259840



19472,689389530441990	75162,601660874395750



19541,981182789528250	75027,254315124941060



19635,957075428443200	75069,185453612037240



19455,939464951272380	74957,155388616927660



19449,948838519198030	74944,770664169278460



19443,248868687529470	74966,178545000235320



19441,485718731826640	74954,855368362361330



19395,820134879148100	74944,416814899333980



19384,535975162652900	74902,839525682182280



19417,330564338710250	75069,185453612037240



19407,280609591209210	75053,085311830072900



19706,659388652093180	75112,531989178853110



19584,473096721943880	74909,031887906021440



19534,752267971151010	74887,977856344994500



19356,325575871422190	74767,632333506466240



19309,425787049749490	74771,878524745668980



19416,801619352001580	74887,624007075064580



19706,483073656519990	74852,416004716709720



19655,704354932306160	74847,108265667702660



19407,280609591209210	74433,031077723382620



19396,349079865856760	74427,015640134515700



19406,751664604500550	74420,823277910691100



19415,743729378580610	74409,323176637859440



19490,320889087459360	74371,247609058802480



19481,857769300091600	74352,139748482411960



19525,054943214789090	74365,409096104907800



19634,722870459452680	74454,969732459241640



19604,749321212519140	74333,031887906021440



19570,544212071901710	74309,677836090428180



19555,381122452861750	74396,901681128962080



19590,115176580191470	74212,546211493769080



19510,773428573604180	74216,261628828069660



19448,185688563495200	74113,077795581295500



19492,612984029874500	74076,808245413136320



19578,478386872557170	74201,009339159689260



19373,604445437304090	73926,385534630288020



19394,409614914584380	73948,678038636091520



19372,722870459452680	73955,755024034748200



19331,817791487166690	73930,631725869490760



19303,783707191505530	73925,854760725400410



19301,491612249090400	73944,431847396888770



19299,023202311109340	74045,846434293984200



19419,622659281125380	74037,707901085523190



19443,777813674241770	74094,854558179737070



19084,275621123921160	73856,323379183522780



18940,402584738640140	73907,808447958799660



18954,331469388685950	74017,007718794426180



18941,989419698773420	74014,176924634972240



19220,386714286800270	74122,454801234533080



19243,131348715356580	74076,277471508248710



19275,925937891413920	74071,146657094213880



19074,225666376420120	74274,646758367045550



19035,260052355406520	74365,232171469935560



19093,796630884713520	74353,732070197103900



19321,767836739665650	74263,500506364143800



19245,776073648910820	74255,361973155682790



19156,388454312131220	74218,030875177733840



19110,370240468309930	74446,300425345878460



18950,099909495002070	74417,284785211362760



19204,518364685485720	74614,592524260355280



19228,320889087459360	74797,569367877062180



19034,731107368697850	74711,901073491986610



19373,075500450591790	74521,316470571720860



19379,775470282260360	74503,270157805120100



19136,464859812698700	74583,417017444997320



18983,070813666628960	74314,808650504463000



18835,322930796115540	73980,701397565033400



18882,222719617788240	73938,770259077951780



18920,306758660950440	74030,100141781964340



18766,383767528168390	74272,700587382409140



18887,159539493753980	74628,569570422725520



18780,312652178214190	74636,531178996214300



19198,876284827238120	74870,639242118268160



19198,523654836099010	74858,254517670604400



19116,893895304408940	75012,215721152781040



19286,857467616766370	74974,530773904902160



18974,255063888118460	74913,631928415154100



18959,091974269082130	74947,424533693774720



18878,872734701955780	74974,000000000000000



18821,217731150500180	74877,185453612037240



18872,878024852569070	74824,815761661913710



19183,188333638801850	75316,209015086642460



19201,521009760792370	75191,654072070159600



19111,957075428443200	75265,254720216267740



19051,304716952294260	75337,086122012697160



19076,341446323262060	75323,816774390201320



19063,117821655498120	75297,985777685084030



19072,638831416290490	75287,547224222056680



19059,767836739665650	75274,808650504463000



19068,407271522602970	75255,700789928072480



19004,757558121764300	75271,447082440092340



19006,697023073036690	75355,132434779297910



18906,730504002047380	75385,423318419823770



19023,799577643345400	75448,231563832960090



19258,294438334392910	75584,146454548550540



19191,475138430600060	75570,877106926054700



19093,796630884713520	75680,924229875279700



19132,233299919014830	75719,847649567935150



19157,798974276694940	75729,401579856130410



19064,352026624488640	75689,416612353685200



18903,204204090641720	75659,693273679295090



18912,725213851434090	75679,154983525615540



19038,610037271242620	75599,008123885752860



19253,357618458427170	75271,093233170162420



18549,167776402999150	74159,432049942552110



18571,030835853704050	74189,863087156802060



18620,399034613357800	74199,417017444997320



18693,565674357680110	74200,478565254801650



18649,314693886870370	74104,231563832960090



18664,301468510337140	74013,078605763934320



18404,593563452752280	74158,901276037649950



18498,036427687642570	74169,870603405579460



18505,617972497162560	74255,892747060584950



18497,154852709791160	74269,692868587982960



18517,607392195935970	74360,632130960802900



18556,573006216949580	74496,723946311365580



18469,473398405269110	74800,400162036530680



18410,584189884826630	74932,385939721614700



18806,759901513745720	75163,486284049227840



18467,357618458427170	75013,277268962585360



19075,636186340983840	75594,585008011577880



18173,444604260221240	75085,462520028959260



18279,762546589052360	75026,369691950108970



18315,378175694229870	75029,200486109577470



18182,260354038731750	74951,316875663032990



18447,434023958994660	74483,631523323827420



18327,896540379715590	74363,286000485313700



18365,275319440595920	74347,539707973279290



18387,667323878013120	74257,661993410249120



18302,683496013178230	74224,223237401558440



18135,188333638801850	74244,923419692655440



18122,846283948889320	74232,007921340089520



17749,238891752953350	74192,340032046326080



17996,604747120629330	75288,254922761916530



17906,860414375398250	75282,593334442994090



17434,873338068606240	75026,546616585081210



17481,949441885848500	74908,854963271049200



17474,896842063040820	74931,855165816712540



17572,046404622218690	74870,816166753240400



17376,160444543729680	74809,954092324725940



17398,376133985573690	74808,892544514921610



17477,188937005452320	74516,716430062588190



17470,488967173783750	74501,500911455455940



17462,907422364267400	74475,139140845436480



17616,301468510337140	74165,270562896446790



17600,962063895731260	74206,530773904902160



17259,091370902431660	74423,477147435187360



17153,655003551455590	74573,863087156802060



17196,146917483871220	74706,062560538091930



17278,662335410725060	74779,486284049227840



17350,422538607792380	74815,261831373718450



17365,934174800659090	74828,531178996214300



17358,352629991139110	74847,992888842534740



17399,257708963425100	74907,262641556357260



17249,922991132782040	75067,946981167260680



17096,705259982281860	75105,631928415154100



17087,540963629940960	74958,747710331634160



17080,840993798276030	74898,239485173049620



16811,083133993186490	74193,401579856130410



16853,218334517150650	74575,455408871494000



16839,113134871535290	74603,446272257468080



16827,127798590074240	74634,231158741647960



16784,459569662085410	74607,161689591754110



16772,646464958885190	74633,346535566815880



16964,825726713086620	74642,546616585081210



16945,431077200362780	74582,532394270165240



16994,270330973307860	74668,200688655240810



17026,712290158226100	74784,653869524496260



17012,959720503749850	74790,846231748335420



16985,101951203658240	74880,016247771491180



17057,567414383011060	74921,416612353685200



16900,294438334392910	74738,793618006908220



16831,359358483758120	75150,924634966606390



16774,762244905727130	75168,123095619594100



16737,736095835985910	75198,023358928956440



16749,020255552477460	75230,400567127842800



16817,959418820424620	75179,977046162355690



16813,375228935597990	75090,062560538091930



16986,512471168218330	75132,347548295103480



16749,020255552477460	75751,023156383293100



16747,257105596774640	75736,832414524731580



16750,078145525898440	75724,447690077067820



16713,051996456157210	75731,170826205794580



16622,955033719787020	75699,678241181740300



16660,333812780667360	75718,786101758130820



16666,504837625623620	75641,646960912694340



16583,989419698773420	75649,254720216267740



16746,728160610065970	75616,877512017381380



16819,722568776127450	75776,677228453452700



16653,633842949002430	75827,631523323827420



16431,481031947863810	75749,961608573503320



16598,270934339958330	75313,732070197103900



16452,109886429578180	75304,355064543880870



16638,118123338823350	75315,147467276838140



16675,144272408564580	75227,569772968374310



16592,628854481714370	75200,323379183522780



16605,147219167196450	75153,755429126060340



16661,568017749661520	75159,947791349899490



16478,557135765109710	75237,300627891541810



16467,272976048614510	75229,515943953010720



16452,462516420717290	75219,608164394885540



16616,607693879261200	75119,962823847439720



16565,127798590074240	75078,916308535190180



16691,894196987734180	74971,663208684200070



16462,512471168218330	75036,100546873276470



16408,207452532598840	74942,824493184642050



16625,952388644480380	74897,354861998217530



16717,107241354271540	74832,069671695542640



16691,012622009882760	74795,977046162355690



16700,004686783962820	74781,432455033864240



16486,138680574626050	74789,784683938531090



16539,033179245685460	74733,839728227845620



16524,222719617788240	74729,062763083740720



16510,470149963312000	74711,901073491986610



16506,767535056340420	74614,769448895327520



16473,620315889143970	74516,185656157686020



16405,210097607905480	74559,178342454571980



16616,255063888118460	74453,023561474619780



16273,506879334281620	74986,384724447663760



16296,427828758407490	74948,309156868606800



16326,220979592457300	74854,892949606233740



16203,686141088483060	75192,184845975061760



16176,181001779532380	75140,309156868606800



16168,423141974444660	75263,662398501561260



16341,207754215924070	75188,292504005788940



16330,452539486143000	75361,184643429398420



16304,362003559066580	75374,984764956796420



16330,452539486143000	75401,169610931843640



16221,317640645504070	75449,823885547666580



16400,273277731939740	75465,924027329630920



16036,190978714108500	75566,630915686866500



15945,388755995458270	75513,693678770607220



15939,746676137210670	75494,231968924286780



15960,199215623353670	75495,647366004021020



15860,052298139482440	75537,932353761032580



16049,939464951272380	75544,124715984857180



15996,167474719673920	74936,809055595775140



16023,319984037485480	74987,800121527398000



16026,846283948889320	74764,624614712040060



15922,115176580191470	74834,900465855011140



16069,686744455133520	74813,846434293984200



16123,286503108474790	74676,162297228729580



15964,607090512608920	74475,846839385310880



15887,204807457292190	74375,493800298005220



15863,402283055316730	74354,970542641880460



16194,694076314402990	74281,723743765702240



15586,415508431849960	74359,570583151013120



15533,873639751931480	74556,701397565033400



15515,540963629942780	74546,616693371950530



15593,644423250227190	74544,316673117384200



15643,541566996593250	74531,931948669720440



15682,859811008747780	74478,146859639862670



15779,833058572356090	75446,993091388198080



15596,465463179350990	75486,978058890657850



15736,988514648797720	75514,578301945439300



15870,983827864834890	75382,769448895327520



15856,702313223648160	75369,323176637859440



15496,322629112792130	75700,739788991544630



15467,406969839279560	75665,001012728287600



15422,446645968879240	75884,070481878181460



15427,736095835984090	75907,778382963704640



15323,710248449568100	75948,153970797327930



15362,146917483871220	75951,869388131628510



15386,478386872558980	75832,585413102904560



15109,315297253522660	75694,724351402677710



15330,233903285665290	75671,016450317154520



15420,683496013176410	75758,630915686866500



15348,218032833825420	75281,354861998217530



15248,604143753977040	75164,547831859032160



15190,596510211382340	75228,277471508248710



15248,075198767266560	74939,639849755243630



15294,618274180485970	74687,308549231631330



15376,604747120627510	74580,586223285528830



15337,639133099613900	74523,439566191314950



15371,844242240233140	74416,223237401558440



15379,073157058610380	74439,223439947221780



15168,204505773966960	74469,477552526499500



15149,162486252385860	74496,547021676393340



15358,091672585756900	74313,039404154798830



15312,955033719787020	74335,331908160587780



15321,065523516015670	74386,816976935864660



15291,091974269082130	74393,893962334535900



15332,525998228078610	74404,723136128726760



15034,910369122899280	74490,708508722498660



15033,499849158337380	75231,285190302674890



15101,557437448433120	75348,409298650571140



15002,644724933552420	75326,116794644767650



14994,185688563495200	75335,847649567935150



15035,262999114040210	76057,847244476623020



15000,528944986710480	76032,016247771491180



14852,781062116198880	75385,777167689753700



14951,693774631077760	75235,885230811807560



14832,681152621195000	75156,409298650571140



14937,235944994321470	74702,524067838763580



14923,659690335416600	74605,392443242089940



14975,848929024195970	74375,139951028075300



14748,755214729782890	74434,269550168159180



14645,615025738528860	74512,116389553455520



14741,878929902544770	74529,985777685084030



14567,331167705362530	74611,054031561026930



14720,019953869152230	74765,509237886872140



14720,019953869152230	75158,532394270165240



14596,246826978873290	75035,038999063472140



14621,107241354271540	75021,592726806018620



14692,514814560201560	75204,215721152781040



14703,975289272264490	75229,515943953010720



14736,946193443891390	75239,423723511135900



14600,478386872558980	75349,470846460360920



14583,023202311109340	75338,678443727403640



14766,563029282371640	75368,438553463027340



14747,344694765220990	75324,878322200005640



14736,769878448320010	75594,585008011577880



14602,770481814970480	75749,430834668601160



14648,259750672081280	75897,870603405579460



14595,894196987734180	76016,977653799331160



14292,989118015448180	75964,961811119152120



14550,581243126192930	75783,577289217151700



14541,412863356543310	75734,532394270165240



14289,639133099613900	75627,669914750338650



14295,633842949000610	75602,723541220053450



14312,560082523739770	75581,669509659026520



14338,302071876989430	75565,746292512034420



14347,294136651069490	75546,955510144325670



14269,715538600181390	75477,601053237420280



14413,059629998751920	75328,593739534306220



14473,888303470470420	75205,984967502445220



14377,620315889142150	75125,801336801348960



14561,336457855975820	75189,000202545663340



14512,320889087461180	75155,524675475724500



14389,433420592346010	75069,008528977065000



14302,157497785097800	74945,124513439208380



14272,889208520446120	74946,716835153900320



14385,554490689801240	74921,062763083740720



14545,644423250227190	74474,254517670604400



14093,228311451726770	74493,008528977065000



14114,738740911290730	74604,684744702230090



14046,504837625625440	74530,339626955013960



14018,647068325533840	74771,701600110696740



14080,533631770673310	74870,462317483295920



14127,609735587915570	74937,516754135634980



14142,772825206951890	74959,986182776396160



14143,478085189233750	74942,293719279739890



14230,397294588028670	74859,139140845436480



14093,051996456157210	75138,186061248998160



14063,607392195934150	75370,915498352565920



14070,307362027602720	75461,147062185526010



14029,578598050886280	75465,570178059686440



14220,523654836097190	75840,723946311365580



14096,225666376420120	75787,823480456354440



14139,599155286688980	76030,070076786869320



14122,320285720810720	76060,854963271049200



13908,983224498184430	75225,269752713807980



13943,012018643232300	75202,623399438089110



13986,734054127327910	75073,077795581295500



13873,720225384144210	75043,000607636975480



14013,181303462857610	74988,507820067257860



14007,539223604611830	74896,824088093329920



13888,001740025330950	74893,462520028959260



13874,249170370854700	74892,224047584197250



13882,888605153795650	74870,108468213366000



13958,523654836097190	74848,523662747436900



13905,633239582350140	74748,347548295103480



13966,105199645615360	74681,823885547666580



13895,583284834849110	74741,978261436306640



13888,883315003182360	74716,147264731189350



14219,113134871535290	74814,554132833858600



14215,061973390733330	74799,338614226726350



14179,270029289982630	74682,000810182638820



13940,367293709679870	74550,509035341208800



13802,136337182644640	74603,800121527398000



13789,970602488301660	74592,830794159468500



13819,238891752953350	74585,717037699563660



13667,964708971037910	74625,031077723382620



13767,754913046455840	74653,162094683080800



13654,741084303272150	74830,654274615808390



13829,465161496025760	75112,885838448783040



13703,223624667763940	75064,762337737862260



13696,876284827238120	75523,601458328732400



13862,083435676511730	75667,124108347896260



13792,262697430713160	76000,700587382409140



13752,239193436278580	76021,046920403561670



13535,199517306678900	76116,940072555458760



13524,091672585756900	76091,993699025173560



13392,035824320992110	76061,739586445881280



13434,523654836097190	76259,931948669720440



13473,841898848251730	75966,554132833858600



13514,746977820535900	75623,246798876178220



13417,777813674239950	75604,492787569717620



13596,028190778397400	75518,293719279739890



13368,585929910155760	75496,178139908908640



13383,925334524763460	75475,124108347896260



13359,064920149365210	75455,662398501561260



13539,431077200364600	75244,200688655240810



13456,563029282371640	74985,677025907789360



13509,104897962290120	74867,277674053897500



13506,283858033168140	74832,069671695542640



13566,936216509315270	74907,439566191314950



13359,417550140506140	74788,015437588866920



13535,904777288960760	74680,054639198002400



13867,020255552477460	74674,746900148995340



13152,427828758407490	74796,684744702230090



13138,146314117220750	74895,408691013595670



13166,705259982280040	74944,062965629404060



13178,518364685483900	75062,816166753240400



13085,604445437302280	75065,116187007792180



13408,080488917879850	74971,132434779297910



13219,247128662198520	75154,463127665934740



13189,978839397546840	75133,409096104907800



13268,086382435143600	75411,785089029843220



13067,796630884713520	75651,377815835861840



13131,446344285554000	75966,554132833858600



13145,727858926738920	75943,023156383293100



13254,862757767379660	75976,992686296885950



13212,547158830531770	76034,493192661029750



13395,738439227965500	76039,270157805120100



13182,397294588028670	76123,663208684200070



12765,773126890277130	75219,254315124941060



12849,522749786121490	75328,416814899333980



12871,033179245685460	75321,516754135634980



12794,159841177079220	75434,962216210464250



12665,449894410836350	75542,355469635193000



12668,270934339960150	75526,432252488200900



12985,457527953431050	75549,432455033864240



12876,675259103931240	75382,769448895327520



12876,675259103931240	75366,846231748335420



12864,685839405157820	75366,138533208461020



12748,494257324398860	75689,416612353685200



12743,910067439574050	75712,239890264376300



12734,212742683212130	75668,893354697560420



12709,704958298954810	75672,962621301790930



12731,391702754090150	75778,446474803116870



12979,639133099613900	75688,531989178853110



12784,462516420719110	75549,078605763934320



12771,944151735235210	75553,361568064370660



12757,486322098478920	75892,739788991544630



12848,112229821559600	75874,516551589986200



12843,880669927875720	76109,155388616927660



13294,709946766242860	76068,993496479510220



12833,830715180374680	76417,431644851225430



12810,380820769538330	76420,085514375721680



12796,804566110633460	76400,269955259471320



12849,699064781691050	76359,577289217151700



12886,725213851432270	76346,484866229628100



12773,002041708656180	76625,001012728287600



12643,763149955702830	76674,716835153900320



13007,496902399705500	76664,985980230747380



12915,460474712062930	76779,492990115366410



12886,372583860293160	76938,585008011577880



12906,821039929123800	76941,238877536088700



12477,854822541459720	76895,061547809804320



12539,036126004317340	76809,747102694658680



12484,731107368696030	76683,386142267263500



12450,173368236937680	76704,653869524496260



12580,999094950024300	76692,940072555458760



12592,988514648797720	76549,454193597557600



12408,915659273512570	76516,369286858796840



12428,310308786234600	76434,770259077951780



12595,280609591209210	76071,824290638978710



12394,810459627897220	76096,947588804236150



12400,276224490573440	75843,731665105791760



12622,433118909020780	75802,154375888640060



12162,255063888118460	75762,877106926054700



12061,054339848138620	75937,007718794426180



12068,283254666515860	76226,493192661029750



12088,206849165948370	76252,147264731189350



12332,927979600070100	76746,585008011577880



12299,428130441732720	76715,623196892425760



12198,928582966720570	77175,170016023170320



12081,683194329851180	77104,930935941432840



12270,336156172650590	76779,669914750338650



11881,213044366537360	76694,532394270165240



11898,315598936847890	77177,470036277736660



11545,164829644367270	77049,339829500677300



11385,070813666628960	76818,947183712924020



11463,178356704225730	76964,946778621611880



11558,212139316561660	76939,646555821382210



11599,113134871535290	76575,285190302674890



11967,783707191505530	76673,832211979068240



11878,392004437415380	76590,500708909807140



11516,778115357565180	77194,808650504463000



10619,699668148341520	75671,016450317154520



10590,078748892548900	75715,601458328732400



10592,370843834962220	75730,993901570836900



10904,444302576897830	75791,185048520710550



10539,127798590074235	77391,762540283525600



10556,755214729782892	77349,300627891541810



10496,283254666515859	77368,939262372834490



10600,657648626760420	77126,692666042319620



10607,004988467288060	77118,554132833858600



10407,596811894707571	77318,161892137417460



10311,328824313381119	77506,623399438089110



10328,960323870400316	77484,861669337187780



10410,946796810541855	77434,755226580411540



10471,775470282258539	76618,985575139420690



10383,970602488301665	76371,608164394885540



10249,270029289982631	75831,523865293100240



10341,302373560314663	75752,084704193097420



10224,409614914586200	76425,393253424728760



10086,531288378691897	76444,854963271049200



10042,452539486142996	76311,240092810025090



10334,778718724217470	76596,162297228729580



10359,286503108474790	76616,685554884854360



10093,231258210358646	76740,038796517823360



10061,318244012154537	76762,862074428514460



10066,431378883689831	76841,770461623615120



9851,683797696501642	77420,424331148111380



9774,810459627897217	77416,531989178853110



9986,212139316561661	77508,392645787753280



9953,241235144934763	77488,400162036530680



9955,357015091778521	77522,723541220053450



9709,401679688666263	77382,385534630288020



9923,444000893572593	77306,838715499558020



9760,709343399592399	77297,284785211362760



9774,281514641186732	77216,924229875279700



9741,491008882441747	77207,547224222056680



10012,659388652091366	76951,323581729171560



9867,728462293389384	76823,724148857014370



9889,944151735235209	76777,369894495772320



9918,859811008747783	76758,615883189311720



9848,686442771808288	76651,893557243209220



9904,049351380850567	76712,792402732957270



9790,678809229213584	76559,361973155682790



9763,878929902544769	76541,138735754124360



9997,319984037485483	76545,738776263257020



9986,564769307702591	76527,338614226726350



9852,565372674353057	76276,916713626516860



9863,496902399705505	76188,454396143206400



9813,952388644480379	76193,585210557241220



9795,615629105179323	76159,792605278620620



9680,309705419584134	76146,877106926054700



9786,799879326670634	76061,208812540979120



9713,456924586780588	75889,378220927173970



9693,004385100637592	75891,678241181740300



10086,002343391981412	76035,731665105791760



9393,096661053044954	75956,823277910691100



9492,185688563495205	76037,323986820498250



9488,306758660950436	76049,354861998217530



9622,302071876989430	76151,477147435187360



9674,314995570197425	76065,631928415154100



9592,328522630055886	76019,277674053897500



9655,096661053044954	75961,069469149893850



9369,117821655498119	76519,907779558125180



9355,541566996593247	76532,469428640761180



9374,759901513743898	76538,307941594655860



9367,707301690936220	76462,193577497775550



9430,122810122786177	76630,839525682182280



9510,165734694342973	76734,200283563914120



9530,794589176057343	76757,554335379507400



9481,077843842573202	76749,415802171046380



9270,028794145047868	76668,524472930075720



9267,736699202634554	76944,069671695542640



9252,926239574739157	76936,108063122053860



9447,225364693094889	77095,907779558125180



9382,870391309974366	77110,769448895327520



9303,704958298954807	77209,493395206693100



9292,949743569173734	77182,777775326729170



9515,807814552590571	77357,616085734975060



9507,168379769649619	77389,639444663931500



9514,749924579167782	77479,907779558125180



9562,002343391981412	77481,677025907789360



9258,568319432984936	77061,193780043438890



9073,970602488301666	76586,785291575506560



9093,894196987734176	76548,569570422725520



9043,115478263516706	76630,308751777294680



9089,838952089619852	76689,578504491102650



9218,019953869152232	77471,061547809804320



9230,538318554636135	77494,061750355453120



9242,171024844956264	77544,485271320940230



9109,938861584621918	77313,384926993327100



8659,991159724104364	75964,607961849222200



8576,241536828259996	76048,647163458357680



8815,849532390846434	76558,123500710920780



8828,720527067469448	77003,693273679295090



8399,577994684235818	76113,224655221172720



8046,423141974444661	76110,040011791774300



8006,047007988869154	75997,339019318038480



7865,528039936734786	76079,078200672607640



7863,412259989891936	76345,423318419823770



8023,149562559177866	76344,184845975061760



8023,678507545889260	76362,938857281522360



8064,583586518174343	76001,408285922268990



8080,628251115062085	75971,154173342991270



7948,568319432984936	75902,470643914712120



6164,994408166061476	76770,823683002003240



6121,797234251363079	76707,838512953894680



6057,446344285554005	76494,747710331634160



6191,089027510450250	76987,593131897330750



6246,451936119492530	76883,878524745668980



6058,680549254544530	76697,186263794661500



6140,486623781804156	77720,385129538975890



6142,249773737506075	77737,546819130744550



6133,610338954566032	77635,247609058802480



6323,325274188097864	77929,016045225842390



6368,810459627896307	77944,054639198002400



6354,705259982280950	77960,154780979966740



6361,052599822807678	77845,824695730290840



6291,941204976603330	77988,993496479510220



5854,507784384257320	77382,916308535190180



5762,651755109496662	77356,554537925170740



5814,488363807135102	77336,031280269045960



5728,446645968879238	77413,701195019384620



5749,780760432872740	77473,184643429398420



5736,028190778397402	77455,986182776396160



5716,809856261245841	77493,177127180621030



5697,238891752954260	77356,023764020268570



5966,820436562472423	76982,108468213366000



5946,367897076329428	76984,939262372834490



5812,725213851433182	76912,930935941432840



5718,749321212518226	76977,508427704233320



6000,496600716380272	76949,554335379507400



5911,457527953431054	76853,093638261474560



5980,396691221377296	77226,124310893545040



5813,254158838143667	77091,484663683964760



5897,881273294525272	77094,138533208461020



5815,017308793845586	76744,638837026956020



5800,206849165949280	76846,901276037649950



5712,930926358701982	76756,138938299773140



5733,207150849274512	76656,139748482411960



5725,801921035325904	76611,023966565931920



5782,046404622218688	76521,146252002901740



5736,733450760678352	76485,724553948341060



5964,880971611200039	76660,032090451670230



5662,681152621195906	76609,785494121155350



5552,312048811564636	76962,115984462143390



5581,223624667764852	77040,493597752341880



5638,702313223649071	77437,586020739880040



5553,546253780556072	77442,539910518942640



5543,143669041914108	77407,685757430517700



5508,585929910155756	76708,900060763699000



5711,520406394140082	76898,246191239202740



5643,639133099613900	76907,977046162355690



5493,246525295548963	76637,031887906021440



5476,849230707520292	76547,508022612921200



5415,667927244662678	76480,416814899333980



6005,962365579056496	77179,239282627400820



6231,817791487165778	76771,708306176835320



10003,667323878011302	76236,047122949225020



10323,494559007724092	76395,492990115366410



14582,846887315539790	75408,246596330514880



14679,996449874717660	75692,070481878181460



15857,760203197069130	75553,361568064370660



16568,830413497049450	75337,970745187529240



17871,248868687529470	75321,870603405579460



18463,831318547025150	74007,417017444997320



18765,854822541459720	74005,824695730290840



18590,249170370854700	74274,115984462143390



19059,415206748522900	75400,638837026956020



19473,923594499432510	74752,239890264376300



20150,259750672081280	75205,277268962585360



20188,520104710813030	74907,970340096217120



20357,778417040892240	74580,763147920501070



20798,557739131760170	73853,846434293984200



20732,267384214675980	73963,893557243209220
