X	Y

17413,365291969930700	65858,323604914752650



17450,922002764818900	65862,570106710089020



17478,780971335676440	65849,830601324079900



17461,148712746526140	65903,973499214582260



17497,647488026068460	65925,206008191249560



17510,871681967932090	65882,033239938697080



17492,181487863432270	65790,202638614617170



17623,879096889613720	65655,884288001223460



17546,841489489797820	65661,900165544604540



17416,539098515979280	65607,757267654116730



17383,743097540158490	65685,609800568563520



17300,886844805922010	65907,158375561077260



17235,471165440176260	65925,382945766061310



17280,786070014291910	65966,455194456910250



17263,153811425141610	65970,701696252246620



17239,526584915682180	65960,970129637949860



17080,146329904535380	65885,571991434801020



16989,869165928084840	65797,987891906057480



17084,907039723606430	65781,001884724726550



17103,758193779227440	65750,192015372580500



17117,158710306979630	65737,452509986585940



17081,027942833992710	65721,174253104472880



17225,244455458469020	65796,395453732809980



17241,466133360489040	65844,522474079916720



17201,440906363117390	65808,073333669977730



17166,352711770708990	65837,798846237303220



17226,302390973818550	65739,221885734645180



17172,876647448694710	65756,207892915976120



17551,249554137084490	65473,615854615527500



17542,786070014291910	65563,146267467134750



17295,773489815070210	65563,146267467134750



17278,670198983592850	65556,422639624535800



17251,163875584519700	65614,480895496715680



17238,997617158005600	65585,286195653810860



17197,738132059395870	65652,345536505104980



17194,211680341566540	65688,794676915058520



17174,816195893501570	65690,564052663117760



17334,740781297092330	65654,645724977584900



17380,569290994113540	65370,084642018307930



17063,748329416623160	65053,520589355197440



16990,927101443434370	65171,361014175694440



16915,284712095981380	65199,693757480556080



16915,284712095981380	65167,822262679583220



16943,672648424511860	65165,345136632306100



16966,065616832733210	65145,882003403698040



17017,022844155377240	65037,596207622693330



16972,765875096611130	65020,610200441362400



16959,541681154747490	65009,109258078999120



17247,813746452582560	65501,748929009612760



17246,050520593667900	65459,814723780691560



17215,723035820326910	65461,053286804337400



17192,095809310867480	65468,838540095777720



17233,884262167153790	65380,723627842613500



17064,100974588407550	65417,703580976973170



17041,002715836621060	65510,241932600278240



17025,838973449950570	65516,788622868087260



16990,750778857542170	65527,227939781609160



16972,589552510718930	65532,005254301358940



17134,790968896129920	65570,777314519757060



17192,272131896759680	65598,202638614617170



17031,128651026698210	65764,900565417410690



17016,141231225919910	65751,961391120639740



16984,755810937233040	65733,206008191249560



17029,541747753672100	65693,571991434801020



16965,889294246841020	65724,005254301358940



17075,032974913679940	65661,369352820198400



16907,702840902646130	65582,809069606533740



17027,073231551192290	66035,106973481466410



17189,274647936603290	66051,916043088000150



17109,929484285428770	66078,102804159221700



16994,100907989482950	65940,776514774144740



17364,876580849770110	66303,367068222665700



17411,954711282800420	66109,951567624229940



17237,763359056767510	66392,743274835447660



17124,211613742638290	66561,387514961112180



17148,367808009774310	66630,747044284886220



17167,763292457839270	66636,232109103861150



17096,352645171784390	66529,715689070915680



17033,773489815070210	66529,892626645727430



17070,448587680501080	66479,973499214582260



17193,506389998001400	66466,349305954558080



17145,546646635510120	66449,363298773227140



17131,088194592408400	66398,228339654422600



17136,377872169152400	66359,302073197191930



17212,901874446066360	66395,220400882724790



17192,272131896759680	66395,751213607145480



17177,637357267765760	66389,204523339329170



17208,670132384668250	66370,803015559562480



16936,443422402961000	66404,598092347412600



16879,491227160007840	65023,087326488639520



16840,700258263877910	65142,874064632000220



16730,337682130568280	65141,635501608361660



16724,342714210255510	65197,039693858474500



16787,995167717086590	65220,749328882418920



16887,778388696908220	65495,733051466224420



16876,846388371635840	65536,959506395913200



16867,853936491166680	65626,866525733115850



16755,551811913050190	66017,059340851308660



16877,375356129308780	66009,274087559868350



16741,622327627621420	65983,087326488632240



16719,758326977076650	66065,186361198415400



16669,506389998001400	66020,067279623006470



16689,959809961412250	66293,458564033557200



16853,219161862172770	66115,082757293581380



16842,639806708684770	66525,977268664035360



16807,919619922828130	66561,210577386300430



16785,526651514606780	66582,620023937779480



16810,917103882984520	66540,508881134053810



16799,985103557708500	66552,186761071221560



16753,964908640027720	66538,208692661588430



16739,506456596926000	66578,373522142443100



16791,521619434919560	66488,112627655646060



16770,891876885612870	66483,866125860309700



16732,629875747155890	66451,663487245692520



16718,700391461727120	66521,553829293887240



16676,382970847767860	66493,066879750200320



16651,697808822958900	66516,245702049724060



16642,529034356601190	66440,162544883336520



16459,874198007775700	66312,567822112556320



16439,773423216145600	66334,000000000000000



16481,738198658320470	66293,104688883948260



16657,340131571487290	66295,758752506022580



16570,781104533529290	66263,379176316608210



16501,662650864062020	66226,222285607451340



16458,639939906533980	66230,468787402773160



16556,851620248100520	66208,528528126887980



16501,133683106385430	66172,787138016166860



16494,257102256618960	66138,438517167916870



16458,463617320641790	66092,257810143666580



16455,466133360489040	66069,078987844142830



16508,186586542047740	66067,840424820504270



16523,350328928714590	66063,593923025167900



16548,740781297092330	66065,540236348024340



16619,959743362487640	66054,747044284886220



16595,098258751786490	66055,985607308524780



16586,634774628993910	66011,043463307913040



16505,012779995999150	65974,771260472771240



16602,503807359229540	65909,104688883948260



16587,340064972559050	65941,307327498550880



16612,906839926828980	65356,991261482697160



16539,219361658950220	65257,375406867169660



16527,758393576001250	65241,451025134665540



16454,408197845139510	65248,705465701692440



16427,078197031954920	65246,936089953640480



16680,262067737381580	65194,208692661581160



16656,634841227918510	65197,747444157692370



16647,995034519237380	65175,784453545835280



16425,491293758932440	65019,194699842919360



16330,806065135197060	64997,431378141831380



16407,859035169782150	65035,649894299836890



16405,390518967302340	65049,627962709470010



16388,992518479393770	65056,351590552083510



16331,511355478762200	65108,725112694526620



16248,655102744527540	65123,057056253775960



16218,503940557080570	65075,637786205887100



16180,770907176300170	65079,884288001223460



16489,143747265763520	65134,911873765748170



16402,922002764818900	65171,891826900115120



16370,126001789001750	65259,321720190026100



16342,972323561711160	65209,956136819280800



16325,869032730235630	65301,786738143360710



16238,957360520495060	65426,550459717247580



16239,662650864060200	65195,801130834835930



16234,196650701424000	65145,705065828893560



15989,123618947007340	65662,077103119416280



16012,750845456468600	65648,806785009001030



15984,186586542045920	65633,590153575729340



15893,909422565599020	65649,868410457827850



16049,410580687132100	65495,909989041028900



16024,035490953525370	65468,130789796552560



15960,383037446694290	65516,257810143666580



15903,430842203739300	65444,421154772608140



15985,773489815070210	65345,667256695138350



16093,667549745898210	65413,280141606832330



16123,466066761562620	65358,937574805553600



16109,536582476133840	65336,997315529668420



16092,609614230548690	65329,742874962641510



16082,911872006516200	65295,770860599972360



16104,599550071172420	65239,150836662192880



16081,677613905276300	65264,099034709775880



16102,836324212255930	65208,186761071221560



16118,529034356599370	65167,114512380365340



15862,524002276910320	65227,649894299836890



15902,020261516607210	65256,313781418335560



15754,982587517864890	65225,880518551777640



15853,002582638770040	65067,321720190026100



15784,075814189962330	65367,607515971030800



15772,262200935232610	65406,025701039805420



15829,904323886983550	65505,287680505723980



15825,672581825587260	65540,498257892031690



15743,697942020809930	65517,850248316914080



15704,378005367005240	65540,321320317219940



15675,284778694907800	65495,379176316615480



15636,846454970560440	65370,615454742721340



16029,325168530271180	65432,920212410252140



15836,957227322644030	65699,233993828587700



15800,458452043103540	65699,233993828587700



15786,528967757674760	65688,263864190637840



15743,874264606700310	65728,959506395913200



15746,342780809181930	65755,146267467134750



15659,239423378779980	65816,920212410244860



15741,053103232436120	65851,599977072139160



15669,642455946379410	65897,249871371968760



15814,916904086205250	65831,959906268719350



15825,848904411479450	65916,005254301358940



15794,992451880467340	65929,983322711006620



15803,984903760932870	65883,094865387523900



15775,083362309496810	65902,734936190943700



15767,677813702053750	65885,041178710394890



15693,798650213515430	65942,899765671812930



15667,526584915680360	65958,493003590672740



15646,544197194592920	65941,661202648174360



15699,440972962042000	66488,466502805255000



15647,778455295832830	66568,288080378522860



15761,330200609958410	66520,138328695451490



15709,844005529641440	66413,621908662506030



15446,433424842509340	66579,789022740893420



15373,083229111645780	66541,393569008083430



15374,317487212885680	66627,739105513188400



15291,445871843880010	66487,935690080834320



15291,974839601554780	66455,202238741811020



15401,823810611958830	66440,516420032945460



15278,750645659692960	66419,814723780698840



15279,279613417367730	66405,305842646645040



15458,423360683131250	66325,838140222971560



15483,284845293832400	66315,044948159833440



15265,350129131938960	66340,192815118192810



15352,100841390556520	66361,425324094860120



15364,796067574745390	66348,155005984444870



15547,098258751786490	66296,820377954863940



15537,400516527754010	66290,804500411468320



15317,188969384040320	66192,073333669977730



15353,511422077688620	66158,101319307301310



15342,226776580631850	66139,146267467134750



15371,320003252729290	66149,608315716643120



15305,904323886983550	66081,995430804949140



15468,826393250728870	66119,683134238526690



15658,534133035214840	66046,784853418634160



15623,269615856914240	66005,381460914140920



15601,758260378152040	65938,122451152055880



15381,723035820328730	65946,261579593105120



15415,753294897387600	65916,359129450967880



15597,350195730863560	65823,289965103249420



15363,032841715828910	65904,327374364191200



15344,871615369005670	65873,894111497633280



15390,186519943121310	65881,679364789088140



15372,730583939861390	65856,731166741505150



15336,231808660320890	65837,975783812114970



15369,027809636139860	65797,280141606839600



15357,214196381410150	65753,199954144278310



15364,443422402961000	65619,965960315690610



15326,357743850398040	65646,860471686144590



15270,639806708682950	65622,443086362967740



15465,828909290574300	65619,435147591284480



15518,549362472133000	65578,031755086776680



15625,032841715828910	65622,089211213358800



15613,395551046991390	65562,438517167916870



15813,330000813182780	65606,872579780087110



15607,929550884353380	65407,441201638248460



15606,166325025438710	65445,659717796253970



15350,337615531641860	65333,281626458752720



15337,642389347452990	65347,967445167611000



15308,901807847139940	65510,418870175082700



15282,277097377522300	65504,402992631694360



15832,372840089465170	65363,007139026085500



15880,332583451952810	65436,105088756747140



15615,511422077688620	65316,118681702610040



15552,564258914422680	65223,757267654109460



15373,259551697536150	65190,316066015861000



15381,546713234436540	65179,323205041946500



15327,239356779855370	65188,015877543388340



15367,264583777225200	65287,100919434502430



15288,448387883725440	65279,138728568250370



15267,289677576745820	65251,890342048194720



15272,050387395815050	65291,347421229831520



15305,375356129308780	65063,075218394697000



15298,146130107757930	65022,379576189414360



15267,113354990853620	64977,237763278026250



15074,760776417995660	65081,122851024862030



15066,826260052877840	65035,472956725025140



15236,095942508718510	65220,572391307614460



15223,224393738639260	65198,101319307308580



15404,997617158007420	65236,673710614915760



15223,753361496314030	66003,081272441660980



15215,289877373521450	65984,856702236691490



15103,854003090093100	65978,663887118498680



15174,030392274909900	66060,762921828281840



15194,660134824216580	66086,949682899503380



15228,866716487167650	65881,502427214276400



15197,833941370263350	65897,426808946780510



15210,000199796777450	65886,987492033251330



15257,078330229807760	66131,361014175694440



15234,156394063911650	66129,591638427635190



15103,854003090093100	66113,844194269942820



15165,743230738009520	66164,471072000305860



15089,924518804664330	66058,993546080222580



15530,876580849768290	66036,345536505104980



15160,277230575373320	66230,645724977584900



15193,602199308867060	66251,347421229831520



15088,690260703424430	66268,510365985974200



15114,257035657692540	66290,981437986280070



15056,070582313497650	66270,810554458439580



15032,972323561711160	66284,788622868087260



15107,556777393814630	66192,958021544007350



15188,665166903905630	66426,715289198109530



15136,473681480021700	66496,074818521883570



15116,549229274281970	66481,565937387829760



15105,617228949007770	66511,291449955169810



15151,813746452582560	66536,439316913529180



15122,720519780483300	66560,325889512270800



15095,566841553192720	66568,111142803725670



15123,954777881725020	66537,147067212747060



15086,398067086835000	66526,707750299217880



15073,702840902647950	66554,133074394078000



15057,304840414737560	66533,431378141831380



15048,312388534270210	66583,327774236997360



15088,866583289316620	66585,274087559868350



15369,027809636139860	66534,139128441049250



15154,987552998629330	66645,963675718172460



15245,264716975076230	66668,434747718478320



15236,095942508718510	66712,315266270248680



15207,355361008403630	66727,554629039499560



15291,445871843880010	66703,822262679590500



15219,697942020809930	66664,188245923141950



15681,985036958783890	66558,556513764226110



14962,282329253988790	65034,234393701386580



14973,214329579261180	65060,421154772608140



14906,035424354598940	65020,256325291753460



14798,126001789001750	65020,787138016166860



14770,796000975818970	65012,294134425501400



14669,602199308867060	65048,035524536222510



14602,952261841879590	65065,198469292365190



14606,478713559710740	65094,923981859697960



14586,554261353971020	65125,357244726248610



14744,171290506203150	64997,077502992222440



14567,335099491796430	65443,005654174165100



14993,315104370893100	65870,886172725950020



14698,519103395074130	65617,665771843225230



14681,063167391814200	65699,764806552993830



14706,982587517864890	65837,621908662506030



14700,987619597553930	65803,649894299829610



14696,050587192592500	65876,548175119722140



14898,806198333048090	65837,444971087694280



14985,380588005775280	65930,337197860615560



14658,493876397702480	65947,677080191555440



14615,471165440176260	65904,504311939002940



14975,506523195850600	66018,651779024556160



14948,881812726234780	66012,458963906363350



14947,647554624993060	66045,900165544604540



14896,866649888241230	65945,023016569466560



14772,030259077058870	65897,603746521577700



14837,622261028696810	65818,512650583506910



15015,869032730235630	66115,259694868393120



14993,138781785000900	66120,213946962947380



14960,342780809181930	66126,229824506328440



14942,181554462356870	66107,297504002141070



14908,856585728863140	66137,730766868699000



14828,982454320013860	66113,490319120333880



14833,566841553192720	66154,031755086776680



14805,884195568227370	66135,961391120639740



14784,549162675355550	66163,055571401855560



14701,340264769336500	66054,570106710089020



14640,685295222661810	66019,182591748976840



14629,224327139712840	65982,733451339023300



14603,128584427771780	65977,248386520062920



14617,763359056765690	66048,377291591896210



14646,856585728863140	66120,213946962947380



14591,667616344824640	66113,490319120333880



14690,937232201738880	66299,297504002141070



14686,705490140342590	66281,603746521577700



14736,957427119419660	66318,760637230749120



14626,403165765450470	66353,463133228608060



14796,010130758302690	66329,199954144278310



14907,622327627623240	66329,730766868699000



14993,667749542675660	66245,862356410856590



14991,199233340194040	66295,051002206804700



15029,269549257989640	66345,500942362356000



14969,335232689647460	66183,757267654116730



15006,876580849768290	66205,343651780392980



14937,773489815070210	66174,025701039805420



14886,287294734751410	66193,488834268413480



14879,058068713200560	66231,176537702005590



15040,730517340936780	66456,794676915058520



14878,000133197851030	66551,302073197191930



14832,156260866060620	66511,291449955169810



14834,624777068542240	66460,156490836365260



14937,773489815070210	66486,874064632007500



14982,735749217401460	66536,085441763920240



14954,876780646545740	66561,741390110721120



14994,373039886240800	66571,472956725032420



14943,415812563598590	66596,421154772615410



14958,579554950267270	66661,357244726255880



14806,413163325902130	66602,437032315996480



14821,047937954896040	66568,288080378522860



14748,932000325272380	66574,480895496715680



14757,748129619847530	66519,253640821421870



14718,090910429029460	66549,709635023944430



14694,463683919568210	66536,793192063138120



14685,471232039102690	66572,711519748670980



14581,793551534899960	66569,703580976973170



14587,788519455210920	66553,248386520062920



14588,670132384668250	66481,212062238220820



14557,637357267763950	65091,562167938391210



14552,524002276910320	65118,987492033251330



14540,534066436288410	65078,114912253164220



14653,909489164523620	65037,065394898279920



14750,518903598296670	65028,572391307614460



14494,337548932715440	65205,355759874335490



14426,997683756932020	65245,166714205581230



14425,410780483909550	65189,431378141831380



14434,932200122049840	65174,545890522196720



14393,320069851655720	65184,654063622081600



14461,909555763450040	65173,307327498558150



14443,924652002517180	65114,564052663110490



14482,700258263877910	65063,606031119110410



14446,393168204996980	65052,282026331558880



14442,161426143600690	65072,099034709775880



14380,624843667466850	65107,663487245692520



14805,178905224662230	65712,327374364191200



14920,670198983594670	65884,333428411162460



14841,677680504202730	66000,427208819586660



14805,707872982336990	65981,848763464993680



14730,080846269651370	66114,375006994363500



14862,660068225290160	66369,918327685532860



14857,899358406220930	66345,500942362356000



14909,738198658320470	66651,625678111944580



14565,395551046991390	66689,844194269942820



14555,168841065284140	66649,502427214276400



14497,864000650546590	66602,613969890808220



14537,183937304351280	66468,649494427023460



14543,178905224662230	66445,470672127499710



14546,176389184816800	66424,415100725644150



14495,748129619847530	66361,779199244469060



14496,982387721089250	66509,875949356719500



14478,644838788372000	66495,190130647868500



14541,063034193963180	66235,776914646950900



14560,282196056137760	66219,498657764837840



14490,105806871319150	66243,031355213970530



14518,317420613959260	66183,757267654116730



14494,337548932715440	66171,725512567340040



14490,987419800778300	66158,986007181330940



14579,148712746527960	66178,272202835141800



14542,120969709312700	66137,730766868699000



14562,574389672727190	66037,584099528743540



14496,806065135197060	66009,981837859086220



14556,050453994741470	65888,756867781310580



14730,080846269651370	65872,301673324385780



14874,297358894129500	65849,122851024862030



14532,423227485280220	65826,828716599367910



14535,949679203109550	65802,411331276191050



14522,725485261247740	65792,856702236691490



14487,637290668839340	65790,025701039805420



14523,783420776597270	65748,953452348941940



14668,896908965301920	65682,424924222053960



14346,241939418625410	65118,810554458446860



14333,017745476761780	65096,162544883336520



14241,858968570857540	65127,480495623916800



14225,637290668839340	65117,925866584417240



14173,990135637399360	65099,701296379447740



14269,717937141713260	65093,862356410863860



14161,118586867320120	65164,460448758276470



14156,886844805923830	65135,265748915364380



14316,972390160635770	65263,214346835753530



14292,639873307609380	65252,951967497028820



14180,866716487167650	65270,645724977584900



14278,181421264505840	65402,663887118498680



14258,962259402333080	65401,956136819280800



14254,730517340936780	65379,485064818974940



14233,571807033957160	65355,929636033863060



14310,977422240324810	65358,583699655944660



14366,519036796147700	65368,492203845060430



14194,972523358486800	65317,003369576639670



14164,292393413366880	65339,828316726554480



14170,463683919568210	65432,212462111026980



14279,592001951637940	65510,595807749887170



14306,393035007145950	65496,440801765442300



14472,136265745155470	65596,610200441355120



14461,556910591665660	65639,075218394689730



14414,478780158635340	65661,723227969807340



14428,055619272281550	65727,013193073056760



14300,750712258617570	65730,905819718784180



14438,634974425771360	66022,898280819892540



14218,760709819071050	66039,530412851614530



14328,257035657692540	66124,991261482689880



14297,753228298463000	66164,117196850696930



14399,844005529641440	66177,741390110721120



14193,209297499572130	66136,669141419857620



14260,901807847139940	66203,574276032333730



14190,388136125307940	66220,737220788476400



14266,720453181558700	66048,200354017084460



14432,463683919568210	66251,347421229831520



14434,050587192592500	66303,544005797477440



14422,236973937860970	66288,150436789394000



14221,934516365117820	66381,950082772309540



14248,030259077058870	66406,544405670283600



14492,221677902018200	66444,409046678672900



14317,854003090093100	66634,285795781004710



14272,362775930087080	66670,734936190943700



14265,133549908534400	66701,699011781922310



14367,753294897387600	66646,317550867781390



14380,624843667466850	66703,822262679590500



14247,677613905276300	66515,184076600897240



14281,884195568227370	66516,422639624535800



14385,385553486537900	66494,482380348636070



14405,838973449952390	65279,138728568250370



14193,209297499572130	65159,860071813331160



13921,158910103757080	66554,840824693310420



13951,133749705311860	66542,809069606533740



13970,161226346825060	66533,077502992222440



14017,768324537530130	66495,544005797477440



14135,904457084834580	66471,480495623924070



14104,166391624365130	66462,987492033251330



14123,914521244212660	66444,939859403079020



13894,005231876466500	66375,049517354884300



13826,473681480021700	66476,257810143666580



14031,521486237066710	66411,321720190026100



13868,967424679873150	65961,854817511979490



14143,133683106385430	66129,060825703229060



13895,944780321271540	65815,858586961418040



13864,383037446694290	65805,242332473077120



13911,990135637399360	65679,947798174776840



13879,370457247470770	65711,442686490161580



13927,859168367633170	65659,776914646950900



13830,529100955525790	65551,291449955169810



13844,105940069171990	65507,941744127805580



14125,501424517236960	65481,931920631388500



14078,775939255989220	65495,202238741803740



14092,529100955525790	65484,939859403086300



14054,972390160635770	65508,118681702610040



14120,388069526383330	65394,701696252246620



14139,783553974448300	65283,385230363586740



14120,564392112273710	65241,804900284281760



14097,466133360487220	65225,349705827364230



14039,984970359859290	65163,044948159833440



13979,330000813182780	65099,170483655027060



13983,561742874579070	65165,522074207110560



13972,100774791631920	65145,351190679277350



13955,702774303721530	65163,398823309442380



13900,705490140342590	65144,112627655638790



13906,347812888870980	65134,734936190943700



13884,131167066541820	65127,834370773525740



13774,458518642028140	65084,307727371364310



13522,861551209627580	65109,432862993751770



13699,697742224032480	65135,442686490168860



13500,644905387298420	65138,273687687054920



13512,458518642028140	65211,548574992528300



13541,728067900017780	65464,415100725636880



13532,382970847767860	65473,438917040723020



13529,032841715828910	65510,241932600278240



13784,685228623735380	65949,800331089223620



13726,675097865432690	66471,126620474300580



13679,436007481279380	66529,538751496103940



13743,602066111016030	66597,128905071833280



13624,423360683131250	66573,773145197497800



13574,700391461728940	66596,067279623006470



13546,488777719088830	66554,840824693310420



13596,564392112273710	66525,092580790005740



13537,848971010404060	66504,567822112556320



13631,123618947007340	66443,170483655034330



13692,115871030697240	66356,648009575117610



13491,476130920940700	65115,094865387531170



13423,959943159265100	65230,127020347114010



13432,408064647286660	65270,468787402780440



13366,126134986852780	65275,069164347725740



13361,541747753673920	65301,255925418947300



13266,151228786371580	65360,530012978808370



13420,257168855543570	65541,913758490467440



13559,712971660950640	65437,343651780385700



13306,529100955525790	65705,072933797171570



13334,917037284058100	65868,585984253470080



13246,403099166524040	65793,033639811503240



13262,272131896759680	65764,192815118192810



13335,446005041731040	65783,479010772003680



13291,541681154747490	66059,701296379440460



13259,979938280170240	66193,842709418022420



13257,335099491796430	66259,486549670895330



13272,851487050249490	66334,884687874029620



13249,576905712570810	66325,484265073362620



13277,435874283428350	66312,744759687368060



13370,710522220031640	66338,777314519757060



13432,408064647286660	66320,353075403996620



13422,902007643915570	66437,508481261247660



13466,790968896129920	66430,430978269025220



13461,148646147601540	66487,935690080834320



13349,375489327159810	66507,044948159833440



13414,438523521122990	66591,113027528437670



13491,652453506831080	66597,836655371051160



13402,448587680501080	66564,926266457216120



13309,526584915680360	66628,446855812420840



13285,546713234436540	66649,148552064667460



13255,748196218773960	66694,621508789699880



13295,597100630253410	66666,311496820810140



13470,141098028068880	66593,944028725338280



13529,561809473503670	66567,757267654116730



13660,922135962671750	66511,468387529967000



13174,816129294575150	65815,681649386606300



13173,581871193335250	65779,232508976667300



13164,428459361746720	65747,007139026085500



13111,531683594295830	65887,341367182860260



13149,264716975076230	65898,488434395607330



13051,582004391186270	65885,571991434801020



12974,705356942491560	65914,412816128111440



12939,264517178300590	65939,361014175694440



13102,715554299720680	65988,041578583201040



13064,277230575373320	66006,973899087388420



13186,629742549304860	66080,756867781310580



13237,410647286056700	66032,275972284580350



13099,718070339566110	66100,396938584730380



13049,289810774596840	66100,396938584730380



13040,297358894129500	66134,722828097001180



13011,733099979706820	66128,883888128417310



13019,843938930715010	66117,206008191249560



13084,025360195220860	66269,041178710394890



13050,700391461728940	66247,985607308524780



13027,602132709942450	66243,385230363579460



13006,090777231178440	66233,476726174470970



12998,861551209627580	66190,127020347106740



12996,745680178928520	66165,532697449132680



12973,647421427142040	66167,832885921612620



12974,529034356599370	66199,150836662200160



12920,221677902018200	66228,699411654728460



13008,206648261877490	66315,044948159833440



12984,579421752416240	66335,592438173247500



13045,410713884983120	66356,117196850696930



13057,224327139712840	66425,653663749282720



13052,992585078318370	66404,598092347412600



13079,969940719716760	66380,534582173859240



13115,939748241582490	66395,220400882724790



12961,128517828845360	66469,888057450662020



12994,453486562339090	66444,939859403079020



12963,244388859544420	66438,216231560480080



13015,964842041103110	66573,773145197497800



12983,168841065284140	66598,721343245080790



12991,279680016292330	66635,524358804643270



12967,299808335048510	66633,047232757366140



12935,561742874579070	66623,138728568257650



12919,869032730235630	66639,063110300747210



13003,269615856914240	66668,965560442884460



13234,589485911794330	66710,015077797783300



13222,952195242954980	66688,074818521883570



12847,944780321271540	66584,920212410244860



12834,191618621734960	66492,713004600591380



12869,808780971818120	66506,868010585021700



12853,410780483909550	66453,078987844142830



12853,939748241582490	66438,216231560480080



12872,277297174299750	66457,502427214276400



12825,728134498942380	66370,626077984750740



12852,176522382667830	66349,570506582895180



12884,796200772596420	66266,564052663117760



12846,005231876466500	66257,186361198415400



12874,569490790889180	66230,114912253164220



12676,735549420625830	66128,706950553605560



12732,453486562339090	66126,937574805560870



12735,803615694278050	66107,297504002141070



12761,899358406220930	66095,265748915364380



12780,765875096611130	66097,742874962641510



12791,874198007775700	66075,979553261553520



12784,644971986223030	66059,524358804643270



12875,274781134454320	66017,059340851308660



12695,249420939233460	66047,138728568257650



12664,040323236436960	66056,162544883336520



12663,158710306979630	66101,281626458745450



12693,838840252101360	65985,741390110721120



12670,387936328532300	65962,916442960806300



12774,947229762190540	65928,390884537744570



12878,977555438175840	65922,021131844754560



12905,057935515349530	65921,667256695145620



12658,221677902018200	65863,277857009306900



12465,516454157377670	65061,659717796253970



12371,551878511976610	65003,624193260031460



12364,851620248100520	64986,084642018307930



12376,488910916939860	64952,289565230443260



12446,649937466987470	65198,986007181330940



12451,939615043731460	65177,199954144278310



12442,947163163265940	65096,516420032945460



12376,312588331047660	65326,557998616139230



12633,022910754303670	65656,945913450050280



12523,173939743897790	65687,909989041028900



12413,853936491168500	65793,033639811503240



12354,272265094610700	65769,147067212747060



12438,891743687761850	65711,088811340552640



12577,657618784371150	65784,894511370439430



12547,859101768708570	65818,866525733115850



12605,163942183446120	65771,270318110415240



12576,070715511348680	65766,139128441049250



12586,297425493055920	65937,414700852838000



12615,390652165153370	65909,104688883948260



12642,881612929457330	65912,820377954863940



12418,262001138455160	65906,450625261859380



12630,201749380039470	66016,351590552090780



12650,816129294575150	66087,657433198721260



12769,657552185446550	66437,331543686450460



12319,536715673984870	66649,325489639479200



12292,912005204369050	66537,324004787558800



12065,823877210885260	66574,127020347106740



12141,979871681243820	66616,238163150832400



12073,053103232436120	66548,294134425494120



12100,559426631511090	66559,972014362661860



12039,375489327159810	66540,685818708865560



12042,020328115533630	66370,095265260330050



12108,670265582519280	66455,556113891419960



12163,138581988223450	66459,802615686756320



12138,806065135197060	66449,009423623618200



12205,103357430401960	66375,226454929696040



12145,153678227290580	66225,691472883030660



12144,272065297833250	66287,619624064973320



12138,982387721089250	66131,007139026085500



12174,423227485280220	66106,235878553299700



12313,894392925456490	66128,883888128417310



12245,481229599554350	66028,560283213664660



12227,496325838621490	66022,013592945862910



12141,979871681243820	66071,379176316608210



12129,989935840621910	66040,945913450050280



12110,786136613218330	65984,325889512270800



12073,053103232436120	65989,987891906057480



12279,158843504830660	65939,007139026085500



12162,080646472875740	65535,190130647861220



12147,093226672097440	65552,883888128417310



12157,496259239696880	65604,572391307607180



12079,753361496314030	65591,125135622394740



12036,906973124680010	65570,954252094554250



12073,582070990110880	65505,287680505723980



12054,362909127938110	65451,675595339642320



12051,894392925456490	65424,604146394391140



12070,584587029956310	65429,735336063749860



12087,687877861431840	65434,512650583499640



12116,075814189962330	65453,091095938085340



12047,838973449952390	65362,830201451281020



12278,453553161265520	65395,763321701080720



12245,657552185446550	65327,265748915364380



12187,471098841251660	65270,999600127193840



12179,889227647916410	65249,059340851308660



12046,428392762820300	65246,936089953640480



12073,405748404220500	65224,641955528139080



12134,398000487910400	65101,647609702304180



12299,435940882352950	65119,341367182860260



12305,078263630881340	65058,297903874947220



11996,881746127308360	65074,399223182248540



11966,554261353971020	65138,804500411475600



12052,952328440806010	65126,418870175082700



12010,987552998629330	65183,061625448834100



11897,259485098611550	65241,097149985056600



11947,687744663580820	65247,113027528444940



11883,153678227290580	65328,681249513807420



11849,844072128566040	65527,758752506029850



11999,350262329789980	65552,353075403996620



11976,604648749786060	65559,253640821421870



11959,854003090093100	65558,015077797783300



11955,269615856914240	65534,836255498252280



11944,161292945749660	65548,460448758283740



11942,927034844509760	65575,023816315078880



12004,287294734751410	66022,013592945862910



11875,219161862172770	66277,534182301053080



11946,629809148231290	66312,390884537744570



11976,604648749786060	66339,485064818974940



11838,206781459728520	66377,703580976973170



11827,451103720346510	66356,648009575117610



11946,629809148231290	66437,508481261247660



11961,617228949007770	66430,077103119416280



11965,496325838621490	66520,669141419857620



11932,524002276910320	66590,759152378828730



11910,660001626365560	66653,395053860003820



11889,677613905276300	66650,387115088306020



11868,695226184188870	66685,243817324997510



11748,987552998629330	66607,745159560174220



11780,196650701424000	66647,733051466217150



11566,861684407478610	66632,693357607757200



11607,753161699536580	66619,776914646950900



11607,929484285428770	66490,235878553299700



11559,632458385925930	66536,793192063138120



11602,816129294575150	66471,303558049112320



11711,078197031956730	66493,951567624229940



11711,430842203739300	66458,387115088306020



11661,531550396444800	66456,263864190637840



11618,685162024810780	66456,263864190637840



11630,675097865432690	66447,240047875558960



11631,556710794890020	66415,037409260941780



11714,428326163893870	66387,965960315690610



11770,498908477391520	66522,438517167916870



11752,514004716458660	66524,561768065585060



11637,022710957526220	66320,353075403996620



11927,763292457841090	66650,033239938697080



11743,521552835991320	66242,146667339940900



11747,400649725605040	66217,375406867169660



11912,775872657062790	66221,268033512882540



11876,806065135197060	66189,950082772309540



11664,881679528383760	66204,812839055972290



10986,085811750415810	66524,915643215194000



10887,874131408849280	66552,363698646033300



11230,629875747155890	65528,643440380059480



11114,433291644658310	65591,479010772003680



11150,755744338306610	65438,936089953640480



11100,680129945121730	65479,277857009306900



11004,423360683131250	65406,202638614609900



11020,997683756932020	65371,146267467142020



11156,221744500942800	65356,106573608667530



11136,473614881095270	65323,019247120028010



11136,473614881095270	65309,218116285192080



11130,126001789001750	65340,713004600584100



11062,433491441433940	65268,168598930307780



11044,448587680501080	65269,407161953946340



11054,851620248100520	65353,629447561390400



11033,340264769336500	65331,689188285497950



10983,440972962042000	65303,909989041028900



10928,957293921568630	65339,474441576945540



10897,748196218773960	65348,498257892031690



10893,516454157377670	65404,433262866557920



10925,607164789631500	65286,216231560472800



10905,859035169782150	65279,846478867475520



11021,350328928714590	66630,216231560480080



11005,481296198480780	66631,808669733727580



10959,284778694907800	66637,470672127499710



10663,430842203739300	66701,168199057501620



10642,448454482650050	66702,406762081140180



10613,884195568227370	66709,661202648174360



10607,360259890241650	66721,361813921306750



10571,037807196593350	66692,144382742422750



10550,937032404961428	66712,669141419857620



10547,939548444806860	66673,742874962641510



10870,594517991483370	66482,804500411468320



10974,977488839251240	66508,814323907892680



10763,934716161893450	66480,327374364191200



10662,549229274281970	66434,854417639173340



10709,274714535529710	66457,148552064667460



10799,022910754303670	66382,480895496715680



10791,088394389185850	66333,800331089223620



10829,864000650546590	66318,406762081140180



10676,302390973818550	66342,139128441049250



10619,526518316755760	66197,735336063749860



10539,844072128566040	66223,745159560174220



10554,110838951008191	66151,377691464687820



10625,521486237066710	66166,417385323162300



10572,095742711942880	66171,548574992528300



10644,388002927456910	66142,707750299217880



10887,521486237066710	65535,013193073056760



10830,216645822329160	65477,862356410863860



10808,881612929457330	65470,254040694220750



10792,322652490425750	65464,592038300448620



10767,108522707942030	65470,607915843836960



10712,095875909793900	65567,946313322856440



10820,871548770079240	65324,080872568862100



10663,430842203739300	65226,588268851002800



10713,153811425141610	65143,404877356420910



10740,483812238324390	65181,092580789998460



10699,929617483279800	65172,953452348949220



10667,309939093353020	65163,221885734637910



10674,010197357229120	65201,817008378224280



10540,373039886240804	65163,752698459058600



10604,539098515977460	65103,416985450363420



11053,970007318643180	65050,689588158304100



11069,486394877094430	65029,634016756441270



10981,677747103127330	64964,852133041640620



10930,896842366375500	64900,446855812420840



10335,133549908534405	65085,546290395002870



10373,924518804664331	65156,321320317219940



10530,146329904533559	65205,178822299531020



10443,748262817698560	65301,786738143360710



10406,191552022810356	65309,571991434808300



10423,471165440176264	65397,355759874335490



10398,609680829475110	65414,518704630470900



10436,342714210255508	65450,083157166387540



10370,927034844509762	65439,466902678053880



10330,725485261247741	65475,031355213970530



10322,967291482022119	65511,480495623916800



10381,506389997999577	65528,643440380059480



10301,103290831475533	65511,126620474307860



10271,672781622364710	65481,754983056584020



10509,692909941120888	65352,567822112556320



10394,025293596296251	65570,600376944945310



10356,292260215515853	65568,123250897668180



10296,518903598296674	65656,061225576035220



10300,398000487910394	65707,196184694839760



10254,922135962671746	65641,021531717560720



10256,332716649803842	65610,057456126582110



10359,818711933345185	65742,406762081140180



10321,909355966672592	66000,073333669977730



10488,181554462356871	66002,373522142443100



10474,075747591037725	66011,397338457521980



10249,632458385925929	66059,347421229831520



10495,234457898017354	66308,852133041640620



10506,342780809181932	66286,027185891725820



10445,158843504830656	66250,108858206192960



10475,662650864060197	66216,490718993140040



10440,574456271651798	66217,906219591590340



10328,433291644658311	66374,164829480854680



10484,831425330417915	66693,736820915670250



10467,728134498942381	66610,045348032639600



10697,990069038472940	66492,005254301358940



10518,861684407478606	66329,553829293887240



10518,332716649803842	66359,479010772003680



10448,156327464987044	66310,090696065279190



10494,705490140342590	66096,150436789394000



10091,118453669467272	65280,200354017084460



10101,697808822958905	65220,572391307614460



10020,781104533529287	65188,369752692997280



9968,589619109645355	65181,800331089223620



9955,718070339566111	65166,937574805553600



10004,912071803293657	65140,750813734332040



10014,962459199108707	65379,838939968583880



10005,793684732750989	65357,875949356726780



9951,486328278169822	65251,005654174165100



9946,372973287316199	65239,150836662192880



10217,541747753673917	65103,593923025167900



10237,289877373521449	65601,387514961112180



10216,836457410106959	65605,634016756448540



10232,705490140342590	65639,606031119110410



10231,823877210885257	65748,599577199333000



10187,390585566226946	65736,567822112556320



10046,156194267136016	65666,677480064361590



10203,788586054137340	65775,516819905751620



10239,229425818328309	65783,302073197191930



10045,979871681243822	65775,516819905751620



10008,085878349340419	65833,906219591590340



9967,355361008403634	65822,759152378828730



10058,851420451323065	65814,973899087388420



10109,632325188074901	65954,246501795336370



10083,183937304351275	66007,858586961418040



10051,974839601554777	65986,803015559562480



10127,617228949007767	65993,703580976973170



9952,896908965301918	65915,297504002141070



9996,095942508718508	65893,357244726255880



10219,128651026696389	66028,029470489243980



10250,337748729492887	65934,583699655951930



10280,312588331047664	65919,013193073056760



10114,569357593038148	66165,355759874335490



10080,010130758302694	66201,451025134665540



10016,902007643915567	66209,944028725338280



10130,614712909164155	66092,080872568854830



10037,163742386668673	66275,410931403384900



9968,942264281427924	66392,212462111026980



9933,501424517236956	66266,210177513494280



10098,876647448694712	66448,832486048806460



10117,214196381410147	66452,371237544910400



10143,309939093353023	66463,872179907280950



10098,347679691019948	66520,669141419857620



10203,964908640027716	66436,977668536826970



10193,385553486537901	66413,268033512882540



10152,126068387926352	66549,532697449132680



10185,451037121420086	66556,787138016166860



10192,327617971188374	66592,882403276496920



10037,869032730235631	66575,719458520354240



10036,105806871319146	66546,524758677449420



9919,395617645915991	66380,180707024250300



9991,335232689647455	66353,993945953028740



10125,501357918310532	66645,786738143360710



9710,468715999257256	65008,578445354585710



9693,365425167781723	65034,765206425807260



9680,493876397702479	65000,439316913529180



9849,571873632881761	65311,872179907280950



9815,188969384040320	65404,256325291753460



9888,715487700796075	65398,771260472778520



9858,388002927456910	65403,017762268114900



9847,632325188074901	65387,093380535610780



9838,816195893499753	65397,001884724719280



9868,614712909164155	65441,590153575722070



9907,229359219401886	65494,848363592194800



9873,022777556450819	65495,733051466224420



9810,075614393186697	65462,291849827975960



9786,624710469615820	65522,804500411475600



9688,957360520495058	65548,991261482689880



9779,748129619847532	65564,030955341164370



9868,262067737381585	65583,162944756142680



9878,136132547304442	65611,472956725032420



9855,390518967302341	65636,067279623006470



9772,518903598296674	65627,043463307913040



9807,078130433030310	65668,269918237609090



9674,498908477391524	65671,100919434495160



9684,020328115533630	65574,139128441049250



9621,073164952267689	65618,196584567645920



9760,881612929457333	65737,629447561383130



9893,828842691647878	65794,803015559562480



9906,171423704054178	65777,640070803419800



9881,309939093353023	65768,616254488326380



9803,199033543418409	65869,470672127499710



9776,574323073800770	65889,641555655340200



9854,508906037845009	65905,565937387829760



9936,146263305608954	65848,415100725644150



9643,289810774596845	65891,941744127805580



9650,695359382039896	65852,838540095777720



9621,073164952267689	65854,077103119416280



9599,385486887613297	65847,707350426411720



9805,491227160007838	65970,878633827058360



9804,433291644658311	65939,184076600897240



9839,697808822958905	65965,747444157692370



9836,347679691019948	65984,148951937473610



9739,385620085464325	66031,745159560174220



9711,174006342824214	66017,590153575729340



9749,259684895387181	66072,794676915058520



9678,906973124680007	65948,561768065585060



9842,342647611330904	66112,074818521883570



9661,980004879094849	66248,693357607757200



9687,723102419255156	66201,451025134665540



9905,642455946379414	66381,242332473077120



9891,184003903275880	66390,266148788170540



9761,057935515349527	66504,037009388135630



9742,912071803293657	66469,888057450662020



9716,816329091352600	66427,069164347718470



9908,816262492426176	66607,922097134971410



9776,574323073800770	66416,099034709783160



9720,871748566856695	66563,687703433577560



9699,360393088092678	66565,280141606839600



9688,252070176928100	66558,910388913835050



9779,748129619847532	66570,942144000611740



9906,347746289944553	66657,641555655340200



9916,574456271651798	66674,804500411468320



9872,493809798777875	66679,581814931225380



9884,131100467615397	66638,001484851920400



9622,836390811182355	66650,387115088306020



9790,856452531012110	66609,160660158609970



9780,629742549304865	66621,192415245386660



9646,816262492426176	66644,725112694533890



9578,932066924198807	66636,585984253470080



9575,052970034585087	66611,283911056278160



9616,488777719088830	66651,271802962335640



9588,277163976448719	66535,731566614311300



9389,400649725605035	66604,383345638867470



9597,445938442806437	66450,247986647256760



9592,332583451952814	66439,808669733727580



9562,357743850398037	66396,105088756754410



9522,156194267136016	66265,856302363885340



9473,682845781742799	66315,044948159833440



9425,194134661580392	66259,132674521271840



9426,957360520495058	66238,077103119416280



9497,486394877094426	66245,508481261247660



9486,025426794147279	66260,902050269331080



9475,269749054765271	66244,623793387218030



9594,095809310867480	66229,761037103555280



9384,639939906533982	66350,986007181330940



9505,052903435660483	66117,913758490467440



9515,808581175040672	66141,623393514411880



9484,085878349340419	65946,969329892337560



9486,025426794147279	65998,303957921918480



9419,904457084834576	65926,798446364497060



9477,209297499572131	65902,911873765755440



9554,423227485280222	65887,164429608063080



9524,095742711942876	65848,592038300441340



9566,942131083576896	65785,956136819280800



9515,632258589150297	65831,959906268719350



9498,528967757674764	65783,302073197191930



9501,526451717829332	65806,480895496715680



9591,098325350712912	65984,502827087082550



9544,196517503572977	65688,617739340246770



9504,347613092093525	65722,589753702923190



9475,269749054765271	65724,182191876170690



9551,073098353341265	65621,735336063749860



9523,743097540158487	65223,049517354891580



9246,403032567597620	65432,035524536222510



9209,038006993368981	65472,908104316309620



9225,788652653061945	65505,995430804941860



9192,816329091352600	65577,147067212747060



9215,914587843139088	65636,244217197803660



9166,544263793517530	65806,834770646339160



9271,088194592408399	65941,484265073362620



9154,554327952895619	65873,009423623618200



9305,471098841251660	66007,327774236997360



9376,352778369633597	66033,868410457827850



9263,506323399073153	66022,721343245080790



9238,644838788371999	65969,993945953028740



9234,075814189962330	66204,812839055972290



9369,123552348082740	66140,030955341164370



9071,682712583891771	66234,892226772921280



9056,166325025438710	66200,566337260635920



9057,047937954896042	66279,126620474300580



9081,027809636139864	66283,373122269636950



9228,962459199108707	66344,616254488326380



9302,826260052877842	66283,196184694839760



9239,526451717829332	66296,997315529661140



9224,730717137714237	66254,178422426717590



9285,370324049619740	66527,592438173247500



9334,211680341566534	66555,548574992528300



9326,100841390556525	66538,739505385994560



9117,526584915680360	66532,723627842613500



9049,642389347452990	66565,457079181636800



9241,818645334418761	66448,478610899197520



9402,095875909793904	66189,950082772309540



9292,599550071172416	65193,677879937167740



8933,461167879724598	65223,049517354891580



8916,357877048249066	65184,831001196886060



8911,244522057395443	65351,860071813331160



8890,614779508090578	65365,130389923753680



8906,483812238324390	65296,124735749581300



8885,854069689019525	65302,494488442585860



8820,967358080946724	65321,780684096389450



8799,103357430401956	65388,508881134053810



8801,748196218773956	65491,663487245692520



8840,715487700796075	65499,271802962335640



8773,007614718459081	65492,548175119722140



8992,690194104499824	65653,584099528743540



9133,748262817698560	65567,238563023638560



8818,322519292574725	65388,155005984444870



8854,116004228548263	65121,818493230137390



8819,204132222032058	65126,595807749887170



8778,120969709312704	65102,886172725942740



8755,022710957526215	65086,607915843836960



8874,745746777854947	65120,933805356115040



8763,486195080318794	65049,274087559861080



8868,045488513977034	65399,302073197191930



8959,909555763450044	65829,659717796253970



9003,622194429772208	65931,575760884254120



8986,518903598296674	65924,852133041640620



8909,833941370263346	65885,395053860003820



8834,544197194592926	65976,540636220830500



9013,143614067912494	65988,572391307607180



8884,619811587777804	66049,969729765143710



9011,204065623107454	66165,178822299523740



8955,854136287944130	66287,265748915364380



8936,987619597553930	66312,213946962947380



8960,614846107015182	66344,085441763920240



8939,985103557710318	66390,089211213358800



8931,521619434917738	66431,315666143054840



8903,662650864060197	66508,106573608674800



8893,964908640027716	66550,771260472771240



8868,574456271651798	66520,492203845060430



8825,904390485909971	66514,476326301664810



8787,466066761562616	66555,017762268107620



8822,025293596296251	66442,108858206192960



9128,105940069171993	66346,208692661588430



8764,015162837991738	65999,365583370745300



8661,410780483909548	65145,705065828893560



8565,667616344824637	65112,617739340254040



8539,571873632881762	65098,993546080222580



8543,803615694278051	65123,410931403392170



8520,705356942491562	65105,363298773219860



8517,707872982336994	65131,903934994057640



8505,012646798148126	65145,351190679277350



8467,808581175040672	65125,888057450669300



8498,136065948379837	65083,069164347725740



8476,801033055508014	65068,914158363280880



8448,957427119419662	64992,300188472472660



8540,100841390556525	65006,632132031722000



8497,430775604812880	65190,493003590665460



8519,118453669467272	65212,787138016166860



8475,919420126050682	65268,168598930307780



8435,733233177557850	65291,170483655027060



8432,383104045618893	65431,150836662192880



8744,267033218144206	65487,770860599972360



8517,707872982336994	65632,351590552090780



8549,798583614589006	65655,530412851614530



8738,448387883725445	65663,669541292663780



8740,564258914422680	65701,003369576646940



8575,365358568857118	65752,669141419857620



8548,035357755674340	65748,245702049724060



8693,501491116161560	65776,401507779781240



8682,745813376779552	65764,900565417410690



8631,435940882352952	65551,468387529967000



8664,408264444064116	65569,715689070915680



8608,337682130566464	66009,274087559868350



8541,335099491796427	65989,987891906057480



8594,760843016922081	66132,599577199333000



8492,493743199851451	66116,144382742422750



8579,773423216143783	66212,244217197803660



8758,196517503572977	66254,886172725950020



8743,738065460469443	66241,085041891114090



8727,340064972560868	66261,255925418940020



8686,272265094610702	66226,930035906669220



8687,859168367633174	66301,951567624229940



8664,408264444064116	66297,174253104472880



8605,692843342194464	66436,623793387218030



8629,143747265763522	66415,214346835753530



8619,269682455840666	66393,274087559868350



8553,854003090093102	66399,643840252858360



8521,939615043731464	66328,138328695451490



8497,078130433030310	66433,261979465911280



8492,670065785743646	66415,568221985362470



8668,111038747785642	66449,009423623618200



8702,670265582519278	66445,647609702311460



8672,871748566856695	66467,941744127805580



8564,609680829475110	66502,267633640090940



8630,906973124680008	66485,989376757977880



8615,390585566226946	66461,571991434801020



8445,430975401590331	66467,587868978196640



8442,786136613218332	66453,786738143360710



8231,728001301091354	64970,868010585028970



8164,917103882982701	65027,333828283975890



8125,597167229178012	65020,964075590971340



8142,524135474762261	64972,991261482697160



8144,111038747785642	65058,297903874947220



8121,718070339565202	65057,767091150526540



8202,105806871319146	65063,606031119110410



8265,405615206369476	65058,120966300142760



8274,221744500942804	65112,617739340254040



8236,665033706054601	65169,237763278026250



8223,440839764190968	65145,705065828893560



8176,907039723604612	65171,184076600889960



8188,352645171782570	65135,442686490168860



8131,592135149488968	65126,595807749887170



8203,692710144343436	65164,991261482697160



8109,022844155377242	65178,438517167916870



8179,022910754302756	65274,184476473696120



8213,214129782483724	65286,216231560472800



8207,219161862172768	65254,367468095471850



8323,239423378779975	65310,987492033251330



8209,335032892871822	65342,836255498252280



8180,257168855543568	65351,860071813331160



8144,287361333676926	65311,518304757664740



8155,395684244841504	65299,486549670888060



8133,531683594295828	65290,993546080222580



8210,745613580003919	65313,287680505723980



8307,017745476761774	65584,047632630172300



8207,219161862172768	65557,484265073362620



8125,420844643286728	65599,264264063443990



8295,380454807924252	65636,421154772615410



8324,473681480021696	65635,890342048194720



8344,574456271651798	65612,711519748670980



8369,788586054137340	65593,425324094860120



8334,700391461728941	65684,902050269331080



8401,526651514606783	65690,033239938697080



8310,015229436918162	65807,896396095165980



8393,415812563598592	65804,003769449438550



8369,435940882352952	65780,117196850696930



8345,103424029326561	65792,502827087082550



8209,864000650546586	65876,194299970113200



8178,317620410736708	65874,247986647256760



8200,518903598296674	65908,396938584730380



8323,239423378779975	65852,130789796559840



8298,025293596296251	65870,532297576341080



8112,549295873207484	65891,410931403384900



8168,267233014921658	65750,015077797783300



8224,498775279540496	65741,168199057501620



8189,410580687132096	65957,431378141831380



8205,279613417367728	65962,208692661588430



8248,478646960784318	65976,894511370439430



8360,619811587777804	66028,383345638867470



8336,639939906533982	66057,047232757366140



8327,118520268393695	66045,015477670589460



8320,418262004515782	66075,448740537132840



8411,400716324531458	66089,780684096389450



8280,569357593038148	66107,651379151750000



8278,806131734123482	66138,969329892337560



8178,141297824845424	66034,222285607451340



8146,932200122049835	66045,369352820198400



8124,186586542045916	66073,679364789088140



8205,808581175040672	66019,359529323774040



8152,927168042360790	65986,979953134359680



8305,078197031956734	66230,999600127193840



8309,838906851025968	66274,703181104167020



8215,682645984965348	66232,768975875253090



8125,597167229178012	66245,862356410856590



8115,723102419254246	66155,624193260024180



8132,297425493055016	66333,800331089223620



8151,692909941119978	66330,438517167916870



8174,085878349340419	66351,693757480548810



8371,375489327159812	66410,613969890808220



8344,750778857543992	66376,818893102943550



8314,775939255989215	66374,518704630478170



8293,440906363117392	66409,729282016778600



8334,524068875836747	66454,494488442578580



8389,184070502202303	66452,194299970113200



8238,957227322644030	66577,311896693616290



8217,445871843880014	66566,518704630478170



8183,959943159265094	66521,730766868699000



8220,267033218144206	66420,168598930307780



8012,398067086834999	64984,138328695444220



8075,697875421883510	64959,720943372281910



8021,214196381410148	65013,355759874335490



8087,864133848397614	65005,216631433278960



7974,665033706053692	65020,964075590971340



7829,919553323901710	65010,347821102637680



7962,675097865431780	65081,476726174470970



8044,312455133196636	65102,178422426724860



8024,211680341565625	65098,285795780997430



8055,068132872577735	65129,249871371976040



8114,841489489796914	65160,213946962947380



8095,622327627623236	65149,420754899809260



8039,551745314126492	65148,005254301358940



7965,848904411479452	65207,832885921612620



8016,806131734122573	65312,049117482085420



7995,823744013034230	65285,862356410863860



8086,453553161265518	65526,520189482391290



8045,546713234437448	65472,023416442280000



8003,581937792259850	65491,309612096083580



7923,546846432288476	65517,142498017696200



7916,670265582520188	65535,190130647861220



7956,503807359229540	65590,417385323162300



7946,982387721088344	65618,196584567645920



7963,380388208997829	65496,440801765442300



7916,317620410736708	65494,848363592194800



7928,997483960155478	65684,194299970113200



7926,352645171782570	65841,868410457827850



7934,992451880466433	65808,427208819586660



8022,977422240324813	65795,156890709171420



8045,723035820328732	65761,184876346495000



8029,501357918310532	65738,691073010224500



7847,904457084834576	65888,049117482078140



7915,083362309495896	65904,858187088611880



7958,796000975818970	65938,122451152055880



7953,153678227290584	65953,715689070915680



8100,912005204368142	65926,975383939308820



8024,916970685131673	65993,349705827364230



8053,128584427771784	66016,528528126887980



7989,476130920939795	66074,387115088306020



7904,504007156006082	66114,021131844754560



7985,244388859544415	66117,382945766061310



7976,251936979077982	66075,625678111944580



8061,768391136454738	66166,771260472771240



8047,662584265135592	66174,379576189414360



7969,728001301092263	66247,808669733727580



7955,622194429772208	66269,748929009612760



7935,521419638141196	66264,971614489855710



7912,791168692906467	66285,850248316914080



8069,526584915681269	66237,546290394995600



8018,393035007145954	66352,932320504187380



8050,483745639398876	66356,824947149914800



7882,111038747785642	66349,393569008083430



7895,687877861430934	66470,595807749894450



7972,196517503572977	66480,327374364191200



7981,894259727605458	66507,929636033863060



8069,173939743897790	66492,889942175388570



8100,383037446693379	66673,919812537438700



7927,410580687132096	66099,335313135889010



7897,803748892129078	65474,323604914752650



7872,236973937861876	65482,462733355809180



7949,979871681243822	65206,594322897974050



8165,269749054766180	65212,610200441362400



8341,929617483279799	65193,677879937167740



8305,607164789631497	65182,530812724413410



8320,770907176300170	65132,611685293275520



7921,430975401590331	65364,068764474919590



7592,604715348711580	65318,772745324698920



7602,655102744527540	65799,049517354884300



7305,919553323901710	66828,939859403079020



7332,015296035843676	66782,228339654422600



7669,113354990853622	66594,828716599367910



7293,929617483279799	66354,878633827058360



7384,206781459727608	66450,601861796865700



7321,612263468245146	66308,675195466828880



7427,743097540159397	66283,903934994057640



7425,627226509461252	66261,078987844142830



7441,848904411479452	66254,709235151138280



7403,763225858914666	66234,538351623312340



7489,279680016292332	66152,085441763920240



7310,151295385297999	66186,411331276191050



7241,738132059395866	66321,591638427635190



7216,524002276911233	66299,297504002141070



7154,105806871320056	66217,375406867169660



7250,730583939862300	66239,669541292663780



7463,183937304350366	66114,551944569160700



7535,123552348082740	65975,479010772003680



7501,269615856914242	66015,820777827670100



7491,571873632881762	65952,654063622088870



7369,572006830733698	65921,313381545522140



7352,468715999258166	65941,484265073362620



7346,121102907163732	65897,249871371968760



7347,884328766078397	65963,978068409633120



7349,118586867319209	65867,524358804643270



7366,574522870578221	65764,015877543395620



7399,546846432288476	65831,959906268719350



7376,448587680501987	65842,222285607451340



7407,994967920310956	65750,722828097001180



7419,984903760932866	65723,297504002141070



7330,428392762820294	65535,897880947086380



7200,478646960784318	65424,781083969195600



7121,854136287945039	65497,856302363892610



7376,624910266393272	65410,095265260330050



7460,186453344194888	65393,286195653803590



7538,826326651804266	65407,972014362669140



7538,650004065912981	65349,382945766054040



7502,680196544046339	65190,846878740274400



7549,229359219402795	65169,237763278026250



7581,496392437547002	65298,247986647249490



7232,922002764820718	65528,643440380059480



7026,992585078317461	66598,544405670283600



6975,330067412108292	65512,542121072750890



7198,186453344194888	65574,846878740281680



7041,627359707312280	65491,486549670888060



7871,531683594295828	65023,618139213052930



7769,793551534899962	65177,730766868699000



7571,974972799405805	65286,747044284886220



7473,058002114274132	66218,260094741199280



7884,403232364375072	66153,324004787558800



7928,997483960155478	65142,166314332782350



7371,687877861430934	66347,447255685226990



7366,221877698794742	66126,229824506328440



7457,188969384039410	66226,399223182248540



8012,750712258618478	66288,504311939002940



8025,974906200480291	66262,671426017390330



8003,405615206368566	66260,194299970113200



7624,342780809181932	66012,989776630784040



7994,060518154118654	65239,858586961418040



8145,874264606701218	65520,150436789386730



8250,770840577373747	65813,735336063749860



8858,524068875836747	66505,983322711006620



8687,682845781742799	65223,934205228913920



8375,430908802663908	65128,188245923141950



9013,496259239696883	66198,973899087388420



9290,660001626365556	65855,315666143054840



9260,685162024810779	66349,039693858474500



9624,246971498314451	66406,544405670283600



9697,420844643287637	66280,188245923141950



9394,690327302350852	65123,587868978196640



10060,085678552564787	65259,144782615221630



10295,108322911164578	65626,158775433883420



10236,760909615846685	65365,838140222971560



10324,025226997369828	65267,283911056278160



10495,058135312125160	65202,878633827058360



11513,612263468245150	66595,182591748976840



11509,380521406848860	66612,168598930307780



11661,355227810552610	66645,963675718172460



11678,634841227920330	66381,950082772309540



11892,146130107757930	65514,134559245998390



11937,990002439548330	65494,494488442585860



11936,932066924198810	65456,983722583805500



12288,503940557080570	66608,275972284580350



12283,919553323901710	66593,413216000917600



12484,559293433660060	66023,429093544313220



12265,758326977076650	66474,134559245998390



12280,569424191962750	66495,190130647868500



13387,108522707942030	65171,714889325303380



13790,503873958155960	65273,653663749275440



13854,332650050877420	65488,124735749581300



13839,874198007775700	66034,576160757060280



13804,257035657692540	66507,044948159833440



14072,428326163893870	66714,792392317525810



14136,962392600184100	66313,983322711006620



13986,382904248843260	65692,864241135583140



15256,373039886240800	65277,369352820198400



15678,811230412737130	66659,941744127805580



15576,191485423883930	66124,637386333080940



15511,672781622364710	65940,599577199333000



15423,511488676615040	65664,731166741505150



16549,622394226549660	66684,889942175388570



16657,163808985595100	65921,136443970724940



16844,403032567599440	65015,302073197191930



16908,408131246214910	65620,673710614923040
