X	Y

8561,423508031328310	51385,593554763494460



8492,136421549821534	51475,626371267448120



8478,737392103017555	51618,099478102209100



8452,115636228443691	51639,855934742648970



8457,757332837623835	51622,875285657428320



8450,352606038073646	51582,192480557409000



8696,471620613603591	51230,915606398724780



8899,762715274311631	50885,122066840485780



8810,377084622597976	50945,084983922686660



8926,031865110811850	50889,544110873095640



8960,058347784935904	50892,197337292658630



8912,809138683043784	50847,446251682638830



8927,794895301180077	50818,968288112628220



8919,508653406446683	50807,647855389142940



9221,705741746862259	50352,988743643982160



9301,408420062694859	50415,865057891744080



9115,218718248566802	50459,201089411333670



9206,014773052576856	50446,465602597410900



9239,173454342664627	50629,444632770886530



9213,772105890200692	50611,048929595228400



9188,560774167923228	50616,709145956971040



9301,232117043657126	50778,202194027915540



9397,669868456849144	50741,410787676592010



9389,736232600187577	50767,589288349649000



8906,109623959640885	50795,973659143048280



9175,514350759191075	50737,165625405286840



9175,514350759191075	50698,074756157009690



9152,771261303429128	50696,482820305267520



9252,572483789470425	50932,526378870068580



9235,633680250777616	50895,381208996142960



9234,223256098483034	50850,807005147420570



9302,642541195953527	50940,486058128772130



9325,561933670751387	51061,025826561781280



9106,227264277684298	51242,059157360905380



8992,511816998876384	51220,125818959153550



9150,303019036911792	51275,312928486135200



9151,713443189208192	51299,368848023543250



9161,762715274311631	51347,480687098344790



9348,305023126513333	51312,458098360068100



9362,761870687540068	51289,640351151800130



9401,195928837587417	51314,226915973114960



9401,195928837587417	51340,936061930086000



9492,697195717744762	51299,722611546152620



9002,208483045906178	51473,680671893096580



8909,459381321341425	51475,626371267448120



8952,124711928274337	51530,282835510515720



8957,061196461309010	51564,504304426962340



9189,794895301180077	51477,218307119190280



9258,566786436724215	51567,688176130446660



9373,340051829754884	51650,468840420915510



9900,337203153381779	50679,855934742648970



9920,788353361664122	50663,229049180037690



9768,638847932808858	50685,516151104391610



9707,976895672962200	50701,789273144400800



9685,410109236237986	50688,700022807875940



9579,804600833127552	50696,482820305267520



9562,703207986547568	50697,897874395705000



9507,167756989920235	50821,444632770886530



9856,966660470301576	50852,398940999162740



9818,003693263144669	50864,603782529171440



9792,263452483755827	50826,574203848715120



10018,283922889077076	50816,491943454362620



10027,289090571106499	50706,741962460924700



9598,669023870077581	50947,561328580944980



9493,049801755818407	50938,186595231811220



9490,405256470265158	50928,458098360068100



9680,826230741278778	50951,806490852257410



9936,831928094023169	51017,689795042191690



10018,812831946188453	51105,600030410496400



9982,670713043620708	51105,953793933105770



9832,460540824171403	51210,927967371324480



9563,761026100768504	51259,393569968742670



9553,006541939515955	51498,974763759630150



9570,460540824171403	51483,586050526144390



9642,392172591231429	51528,337136136164190



9703,921926235114370	51527,806490852257410



9689,112472636013990	51520,908102161381980



9698,632835664006052	51465,720992634400320



9936,831928094023169	51636,495181277867230



9901,042415229530889	51643,570451730047360



9781,156362284429633	51726,174234259211520



9759,986286288851261	51694,689280747028540



9754,344589679671117	51665,503790131791900



9785,035028703241551	51664,088736041361700



9898,926779001087198	51724,051653123562580



10033,459696237399839	51764,817747208275250



9901,042415229530889	51343,943051872258360



9846,917388385198137	51324,662939890076820



10062,725997397526953	51060,672063039171920



10176,617747695372600	51090,388198938315320



10185,785504685291016	50987,443013859134220



10192,485019408693915	50964,541977666172900



10292,991453970882503	50973,739829254001960



10208,704897160090695	50910,769922229628720



10304,098544170208697	50748,839821651381500



10315,734543426644450	50823,213450383933380



10046,329816627094260	50952,337136136164190



10061,139270226194640	50933,941432960506060



10006,295317594567678	50928,988743643982160



10051,618907198200759	51371,443013859134220



9910,033869200413392	51395,322051635237580



9819,237814396403337	51468,020455531353940



9803,194239664044289	51455,284968717438460



10057,260603807382722	51357,916711015306640



10053,381937388570805	51322,894122277029960



10275,523741375080135	51377,103230220876860



10281,165437984262098	51362,245162271305160



10255,777803242946902	51353,140903460087430



10219,106775283267780	51354,379075789220220



10190,369383180252044	51339,167244317039150



10329,838784949597539	51362,245162271305160



10174,678414485966641	51536,827460678781790



10294,225575104141171	51623,759694463944470



10224,219562835338365	51647,284968717438460



10264,240348156718028	51679,654331036144870



10005,061196461309009	51586,968288112628220



9866,839629536369102	51719,983372613562100



9797,376240035824594	51765,702156014791400



10396,657629164586979	51165,916711015306640



10359,281389128762385	51160,256494653564000



10329,486178911523893	51142,214555000515240



10385,374235946224871	51143,983372613562100



10383,258599717781181	51120,281216598763420



10356,107934786097758	51070,046796388305660



10585,315573245232370	51061,202708323085970



10546,528909057111377	51030,955927140028500



10676,993143144425630	51080,482820305267520



10677,522052201537010	51000,709145956971040



10379,203630279933350	51266,468840420915510



10615,815995538618150	51369,143550962180600



10150,701203896946026	51241,174748554381950



10248,901985500506271	51188,994628969572660



10740,462229997714530	50494,577441672219720



10637,324963861121430	50704,442499563963800



10623,749631395277900	50745,125304663983120



10728,473624703205130	50649,255390036982140



10850,665330606932910	50683,570451730047360



10916,955265764812790	50662,521522134818950



10808,352606038073650	50746,894122277029960



10781,717136452352860	50752,023693354858550



10785,243196833091130	50786,068280510000480



10755,976895672962200	50811,893017660448100



10742,577866226158220	50783,945699374351540



10565,745938132135050	50816,315061693057940



10657,776114069401960	50840,724744753068080



10742,048957169046840	50931,818851824849840



10725,829079417650060	50941,016703412686180



10845,552543054862330	50996,994628969572660



10705,377929209369540	51041,215069295685680



10675,230112954057400	51047,759694463944470



10694,094535991007430	51204,560223964363100



10653,192235574442750	51250,195718380906330



10663,065204640510270	51131,424767560944020



10863,006541939515960	51179,796777381743600



10875,171450253063080	51112,498419101371840



10770,257440214953020	51525,330146193991820



10782,951257585609710	51518,785521025725760



10861,243511749147730	51453,693032865696300



10414,464234087316072	51510,118314721810750



10460,303019036911792	51383,647855389142940



10706,259444304552740	51003,185490615229360



10840,087149464718100	50468,752704521772100



10959,091687314634330	50649,609153559591500



11020,621440958517270	50669,419910825687110



11024,323804358291450	50587,617248118353020



11074,231272456885560	50481,488191335694860



11016,390168501629890	51000,355382434361670



11129,414117415439250	51003,539254137838720



11338,170605666291520	50493,516151104391610



11079,520363027993880	50566,568318523124620



11199,759022011166960	50368,023693354858550



11345,751635484879440	50438,329041577409960



11510,594958284393220	50465,038187534381000



11534,572168873412010	50456,370981230465980



11531,575017549785120	50527,654331036144870



11433,726841984298520	50373,507027955296510



11496,138110723366480	50579,303805337040100



11473,042415229530890	50553,832831709201860



11478,155202781599660	50664,290339747858520



11568,422348528500150	50704,973144847877840



11564,014773052576860	51237,106468044381470



11620,269149836500220	51261,339269343086920



11495,432898647217370	51469,435509621791420



11576,179681366123990	51521,615629206600720



11416,449146118680800	51505,342507166591530



11493,846171475885060	51603,948937197848860



11556,257440214953020	51633,134427813085500



11433,550538965260780	51554,952689316523900



11455,941022382949090	51671,340888254839230



11447,654780488213870	51701,057024153982640



11422,267145746898680	51700,172615347459220



11385,596117787221370	51682,307557455715140



11462,816840125389720	51743,945699374351540



11445,362841240734270	51734,310795279219740



11392,471935529660190	51751,374733349133750



11570,185378718868380	51743,945699374351540



11533,514350759191080	51710,254875741811700



11452,238658983174900	51787,812376177847910



11520,820533388532570	51848,659702066572210



11516,412957912611090	51860,333898312666860



11531,222411511711470	51898,894122277029960



11589,226104774856140	51904,200575116163240



11581,821377975305950	51911,098963807038670



11679,330661213865820	51844,945185079181100



11684,796054804010060	51964,069899421752780



11670,162904223945590	51760,926348459572180



11653,237814396403340	51361,891398748695790



11751,085989961889940	51335,806490852257410



11646,009390615889060	51166,353763522609370



11686,206478956304640	50610,872047833923720



11657,292783834251170	50345,205946146590580



11944,856721594604100	50445,227430268285390



11887,205634369533070	50468,398940999162740



11813,849864739029730	50424,532264195666360



11787,757017921567240	50421,348392492182030



11956,140114812966200	50489,447870594391140



11968,833932183624710	50475,827974973952220



11936,041570642757510	50485,556471845695340



11938,333509890238930	50506,959164963533110



11661,171450253063080	50412,150540904352960



11789,167442073861820	50613,348392492182030



11993,340051829754880	50737,342507166591530



11890,907997769309080	50708,157016551362180



11878,214180398650570	50673,488191335694860



11969,362841240734270	50618,301081808705930



11899,017936645006560	50859,474211451342860



11976,943871059322190	50820,913987486972480



11959,137266136593100	50806,940328343924200



11807,855562091774120	51051,474211451342860



11885,266301160127110	51036,616143501771150



11983,467082763687360	51116,212936088762940



11780,352291122017050	51650,468840420915510



11803,447986615852640	51581,661835273494940



11835,711439099606650	51574,763446582619510



11902,015087968633450	51621,990876850904900



11927,402722709950470	51619,691413953944000



11939,567631023495780	51600,588183733067120



11959,666175193704480	51630,304319632210540



11963,897447650590040	51662,673681950924220



12008,502111466928910	51669,748952403097060



12029,305867713284900	51545,317785221392120



11916,471935529660190	51582,546244080018370



11781,410109236237990	51789,934957313504130



11847,523741375080140	51694,158635463114480



11816,141803986509330	51675,409168764839700



11897,960118530785620	51828,141417755257860



11942,564782347124490	51780,913987486972480



11938,157206871201200	51766,409683060010140



11757,785504685291020	52002,630123386115880



12033,889746208244100	52050,388198938315320



12006,033869200413390	52025,094107071781760



12009,912535619225310	52001,391951056990360



12035,652776398614150	51993,078508275677450



11950,145812165710600	51953,280111982181550



11875,745938132135050	51919,589288349649000



11839,766408537456300	51878,729601488324990



11808,031865110811850	51877,491429159192200



11811,381622472512390	51910,214555000515240



11788,638533016752260	52033,584431614392090



11868,164908313547130	52050,388198938315320



11988,579870315757940	51955,402693117837770



12018,375080532996440	51874,130675694410460



12033,184534132096820	51859,272607744838750



11984,877506915983760	51838,577441672219720



12086,428045881244540	51802,670444127419620



12098,064045137680300	50265,078508275677450



12122,583878494959210	50741,764551199201380



12213,379933298969260	50902,279597687011120



11891,965815883530010	50912,008094558754240



12117,281074212703970	51172,721506929570750



12256,926779001087200	51154,773160053126050



12290,071746580026230	51100,470459332667820



12217,963811793930290	51091,272607744838750



12314,930472264231870	51119,396807792240000



12319,690653778228810	51139,915092103554340



12332,384471148885500	51166,270474537916020



12277,730535247443190	51234,983886908725260



12130,693817370658510	51276,727982576572680



12101,590105518418570	51247,011846677429280



11792,164593397490540	51259,216688207437980



12258,689809191455420	50656,507542250466940



12178,295632510624270	50456,194099469161300



12324,098229254150280	50282,766684406124120



12213,908842356080640	50193,534987724000530



12473,616903108601040	50293,202708323085970



12240,706901249690420	50582,664558801829120



12279,846171475885060	51439,011846677429280



12271,559929581151660	51371,973659143048280



12106,526590051453240	51623,229049180037690



12089,072591166797790	51621,460231566990840



12103,353135708788610	51803,201089411333670



12325,684956425482600	51901,016703412686180



12191,870964976465980	51857,150026609182530



12180,411268739066140	51833,624752355695820



12233,654780488213870	51828,318299516562540



12332,737077186959140	51919,412406588344310



12393,927938503915360	51801,255390036982140



12458,454843471427010	51825,311309574390180



12448,405571386321750	51795,595173675239500



12583,629986987634770	51837,162387581782240



12584,511502082817970	51869,531749900495920



12678,142118902567740	51882,974763759630150



12453,694661957430070	51744,830108180867680



12433,772420806259110	51675,762932287449080



12439,061511377365600	51622,344640373514260



12241,764719363913170	51729,004342440086480



12647,465393590144230	51949,742476756095130



12671,442604179164850	51937,006989942172370



12637,578710812929780	51575,647855389142940



12457,925934414315630	51390,900007602627740



12609,193924747985880	51347,657568859649480



12644,115636228443690	51278,673681950924220



12416,847330978715040	51230,915606398724780



12470,972357823047790	51092,157016551362180



12556,479322055949520	51128,948422902678430



12558,242352246317750	51106,484439217019820



12311,228108864455860	51094,456479448315800



12300,826230741278780	51076,945185079181100



12440,119329491586540	50890,605401440923740



12141,271998512873320	50920,675300862676520



12444,879511005583480	50842,493562366114930



12529,504960143302010	50856,467221509163210



12409,089998141091200	50400,299462896960900



12427,425512120929850	50400,299462896960900



12879,127560604647440	50479,896255483952700



12795,383626562113930	50466,276359863513790



12842,103926606896490	50669,773674348296480



12902,399559117518950	50706,565080699620010



12693,833087596853150	50888,836583827876900



12779,340051829754880	50904,579060583972020



12654,341211332583040	51039,800015205248200



12865,904834176879380	51078,006475647009210



12860,615743605771060	51132,132294606162760



12894,642226279895110	51132,662939890076820



12869,430894557617650	51238,875285657428320



12907,526060380738270	51277,435509621791420



12490,718295955181020	51267,707012750048300



12689,601815139965760	51518,431757503116380



12699,298481186997380	51546,909721073134280



12705,821692891362540	51424,330660489162260



12860,792046624808790	51572,640865446970560



12844,219562835338360	51582,723125841323060



12912,991453970882500	51559,020969826524380



12924,627453227318260	51602,710764868723340



12325,156047368373040	51527,098963807038670



12734,559084994378280	51850,074756157009690



13197,910846445680360	52005,283349805686160



13261,203630279933350	52006,167758612209580



13216,775269482630390	51891,995733586154530



12771,582718992131050	52047,911854280057020



12777,224415601311190	52038,360239169611300



12808,606352989882000	52047,911854280057020



13025,120174078358100	51966,015598796104320



13205,491876264268280	51835,039806446133300



13212,367694006708920	51756,327422665657650



13168,820848304590980	51742,707527045218740



13255,033024613640010	51679,831212797449550



12998,851024241859700	51630,304319632210540



12693,833087596853150	51592,274740951761480



13001,848175565486600	51591,390332145238060



13078,716291865579480	51550,270474537916020



13078,716291865579480	51496,498419101371840



13096,699199807346300	51495,967773817457780



13255,209327632677740	51513,302186425287800



13222,593269110848270	51608,017217707856620



13077,834776770396280	51419,377971172638360



13108,864108120891620	51429,990876850904900



13152,763559861083200	51352,256494653564000



13119,089683225032790	51330,853801535733510



13144,477317966347980	51304,675300862676520



13049,802596743526010	51287,517770016143920



12959,006541939515960	51305,559709669199940



12969,937329119804420	51292,824222855277180



12975,226419690912740	51264,700022807875940



13035,874658239610650	51225,432271798286820



13015,599811050366040	51108,960783875278140



12932,737392103017560	51157,603268234001000



13152,058347784935900	51098,524759958316280



13184,864423036950030	51081,013465589181580



12941,376240035824590	50757,683909716601190



13093,173139426608030	50695,421529737439420



13093,702048483717590	50663,582812702647060



12964,119329491586540	50653,500552308287300



13122,792046624808790	50770,419396530516680



13106,043259816302450	50820,029578680456320



12834,522896788308570	50406,313442781305640



12874,896288147761880	50341,668310920496880



13238,460540824171400	50337,423148649191720



12719,044419319130610	50446,111839074808820



13385,849864739029730	50411,266132097829540



13455,503270969758890	50416,749466698267500



13429,586727171332310	50762,813480794429780



13507,865267623721590	50851,514532192639310



13696,699514723402900	50682,332279400914560



13212,367694006708920	50828,166139700457280



13677,645074956268220	51101,177986377886560



13483,359147977591420	51187,579574879142460



13565,340051829754880	51195,893017660448100



13428,881515095185020	51301,845192681801560



13434,523211704365170	51281,680671893096580



13554,409264649466420	51326,431757503116380



13398,719985128724150	51309,981753701809800



13445,101392846579980	51389,131189989580890



13555,995991820798740	51393,553234022190740



13511,038721966386220	51474,565080699620010



13619,288775655049900	51483,762932287449080



13620,170290750234930	51367,728496871743120



13605,537140170170460	51347,834450620954160



13445,982907941765010	51459,707012750048300



13451,624604550946970	51441,311309574390180



13330,843322799513770	51402,397322087410430



13270,195084250815850	51428,222059237858050



13487,061511377365600	51757,034949710876390



13501,870964976465980	51703,002723528334170



13581,383626562113930	51899,778531083553390



13675,176832689750880	51866,524759958316280



13432,583878494959210	51938,245162271305160



13137,072591166797790	52081,696270689200900



13176,401878123177080	51963,362372376534040



13750,119329491586540	51515,071004038334650



13790,492720851039850	51952,926348459572180



13708,335513979838650	51330,146274490514770



13667,419499852127050	51239,405930941342380



13923,248894185835520	51192,355382434361670



13887,635684340379160	51167,685528628353500



13915,138955310138040	51036,793025263075840



13648,202470777103370	50551,887132334857600



13628,632835664006050	50523,055405242230340



13621,228108864455860	50424,709145956971040



13570,629142400861380	50422,940328343924200



13488,119329491586540	50456,194099469161300



13640,621440958517270	50370,853801535733510



13656,841318709912230	50348,920463133981680



13700,754484161252550	50350,866162508325940



13560,579870315757940	50399,415054090437480



13753,997995910398460	50523,055405242230340



14064,305023126513330	50462,384961114810720



14082,464234087316070	50571,344126078343840



14174,847016062656620	50811,185490615229360



13847,614899018999500	50648,017217707856620



13977,211331722279280	51037,323670546989890



13994,489027587895180	51245,596792586991800



14003,304178539741770	51197,838717034799630



14081,406415973093320	51225,432271798286820



14113,669868456849140	51188,287101924361200



14017,761026100768500	51243,827974973952220



14158,979744349335310	51225,078508275677450



14238,858725684203820	51261,339269343086920



13956,760181513996940	51477,041425357885600



14184,896288147761880	51489,423148649191720



14173,612894929399770	51463,952175021353470



13759,463389500542690	51633,311309574390180



14085,461385410942970	51681,776912171801080



14117,724837894696980	51635,433890710039120



14010,356299301218310	51604,302700720458240



13973,685271341541010	51814,875285657428320



14359,626293724490100	51879,967773817457780



14549,694661957430070	51839,638732240047830



14576,316417832003940	51860,687661835276230



14589,010235202660620	51831,325289458734920



14435,789197948435680	51989,010227765676980



14352,926779001087200	51618,099478102209100



14247,321270597976760	51570,341402550009660



14303,209327632677740	51533,997352497906830



14400,881200179126610	51530,636599033125100



14328,244356335919290	51334,568318523124620



14481,465393590144230	51422,031197592201350



14592,712598602436630	51613,677434069591980



14588,305023126513330	51670,102715925706440



14267,243511749147730	51221,717754810895720



14440,373076443394890	51219,064528391332720



14363,152354105228370	51180,150540904352960



14488,870120389694420	51128,240895857466960



14358,039566553157780	50875,216688207437980



14572,085145375116550	50835,772055436544180



14535,061511377365600	50837,894636572200400



14514,962967207156910	50928,988743643982160



14490,456847561026730	50907,586050526144390



14301,975206499419070	50722,484439217019820



14201,116165899156840	50703,911854280057020



14390,126716017875880	50471,759694463944470



14424,505804730073580	50460,262379979161780



14318,195084250815850	50400,476344658265590



14282,581874405359480	50324,333898312666860



14588,305023126513330	50553,125304663983120



14484,109938875697480	50501,475830363095160



14245,910846445680360	50245,267751009581840



14635,554232228405450	50584,079612892259320



14651,774109979802230	50617,947318286096560



14663,410109236237990	50657,745714579599740



14652,126716017875880	50643,772055436544180



14612,811142772643510	50732,566699611372320



14636,435747323590480	50851,868295715248680



14626,210172219449300	51265,230668091782720



14659,355139798388340	51304,144655578762460



14724,410953823009550	51249,488191335694860



14743,465393590144230	51236,045177476553360



14364,386475238487040	51273,720992634400320



14659,355139798388340	51348,011332382258840



14500,682422665167900	51906,853801535733510



14288,752480071651010	51931,794129879657700



14656,005382436687800	51857,503790131791900



14674,693502454600090	51851,843573770049260



14746,109938875697480	51822,304319632210540



14739,586727171332310	51779,322051635237580



14756,335513979838650	51732,718859427477580



14899,317262418775500	51761,456993743486240



14931,580714902529510	51819,297329690038170



15055,006541939515960	51894,295196483115440



14989,055499108562800	51934,530645283914060



14979,887742118644380	51960,709145956971040



14954,147501339255540	51976,451622713066170



15058,708905339291960	51987,064528391332720



14666,936169616976260	51769,593554763494460



14719,650772309012610	51782,152159816105270



14734,283922889077080	51743,862410389658180



14705,899136824133170	51721,575308465296980



14652,303019036911790	51718,037673239210560



14670,991139054825910	51713,261865683991340



14666,759866597938530	51742,093592776611330



14715,948408909238420	51689,205946146590580



14748,930787180288460	51685,845192681801560



14823,506964232901740	51680,538739842668290



14826,680418575566360	51644,277978775258820



14822,801752156754450	51539,126923575735420



14977,595802871164780	51585,199470499581360



15006,523211704365170	51595,281730893933860



14770,439755502791740	51421,500552308287300



14570,674721222821970	51608,017217707856620



14618,805445419899120	51903,669929832249180



14985,000529670714970	51450,862924684828620



14778,725997397526950	51260,277978775258820



14769,205634369533070	51232,684424011771620



14831,264297070527390	51103,654331036144870



14826,504115556530450	51055,542491961343330



14962,081137195915290	51010,791406351323530



15031,734543426644450	51343,943051872258360



15055,711754015665060	51341,289825452688090



15096,261448394154290	51348,718859427477580



15102,255751041409890	51436,004856735256910



15112,657629164586980	51710,431757503116380



15085,683267251939470	51705,655949947897170



15088,680418575566360	51748,544625168266060



15102,079448022372160	51767,470973627838250



15163,256595628181460	52019,787654232648490



15245,590105518418570	52025,624752355695820



15319,827390244106940	52003,160768670029940



15430,545686199287960	52035,176367466134250



15400,045263905902180	52095,139284548335120



15415,559929581151660	51899,778531083553390



15441,652776398614150	51920,296815394867740



15306,957269854412520	51819,120447928733480



15196,401563207120490	51863,694651777448600



15364,079448022372160	51805,146788785685200



15157,085989961889940	51827,257008948734440



14914,655625074987260	51878,375837965715620



15061,529753643882940	51827,433890710039120



14987,997680994341860	51755,266132097829540



15279,982907941765010	52053,041425357885600



15328,466238176915800	52086,825841767029490



13024,767568040284460	50419,756456640447140



12725,215024985422130	51466,251637918314380



11785,817684712161280	51546,555957550524910



11497,548534875661060	50931,111324779638380



10994,704897160090700	51026,357001346113980



9624,761870687540068	50584,964021698782740



9326,619751784972323	51463,598411498744100
