X	Y

18107,895624388464060	53356,683573849659300



18065,606271928845670	53369,944850341176790



17996,005046005720940	53377,547982196309020



17877,084021827431570	53418,923164849838940



17916,183893238190650	53514,027437951830500



17997,238485452460740	53326,271046429115820



17800,258364859124410	53344,836833517234480



17655,945949590677630	53004,687454449180220



17604,335478077278820	52420,907505574155950



17664,932436988343400	52441,064645841259340



18148,757552151706480	52466,349479685086410



18200,562008914741460	52328,255387153440100



18087,455770699649290	52351,418416758620880



18055,386345084436470	52330,377191392079110



18063,139393035366080	52307,060628364153670



18013,801815165810700	52275,410381804409560



18126,397216089546420	52299,811130548798240



18077,235843855240090	52713,139472252871200



18043,228156252298500	53320,082450733076260



18038,999221006335570	53145,233701662102250



18060,848719777139200	53678,267165829594880



18027,545854715186580	53700,369293315452520



17995,300223464728330	53718,227812324024860



17510,241668854629100	54239,768170198869480



17473,943307993453340	54236,431930418162660



17439,407003484764570	54211,854364653889200



17569,799173568590050	54187,453615909500520



17595,525196314858480	54249,316289272763240



17590,062821622159390	54276,899744375114100



17413,857186373745210	54197,001734983387000



17583,014596212222390	53879,108016823935030



17509,008229407889300	53570,962518355401700



17453,855865575136700	53067,103862469244630



17337,930337196070470	53102,974433909141220



17430,596721722344230	53177,060765241738410



17570,680201744831720	52818,876050145219780



17647,311873463502710	52732,235710400658720



17470,595400923735720	52427,980186369633880



17378,968470594561950	52471,123539222033280



17324,362503281940010	52602,828935440607900



17245,774789961149510	52959,245480338257040



17287,006908609277160	52924,058893380766680



17233,087984223264360	53334,227812324024860



17261,633297133506860	53328,923301727416400



17215,819831968921790	53311,595233778505640



17235,378657481494880	53304,522552983027710



17211,590896722958860	53288,255387153440100



17252,823015371086510	53267,944713463592050



17192,736893751378380	53267,237445384045720



17252,470604100588390	53540,549990934865490



17409,099634222038730	53595,540084119682440



17314,847398978527050	53645,756117767552500



17203,837848772029250	54021,622534852751420



17235,907274387238430	54041,426041080085270



17277,491804305864210	53894,491097554091540



17257,932978793291110	53883,705259340997140



17200,489941702307990	54139,713020540039000



17144,632755328562780	53772,157003389518650



17065,357999081163140	53806,105871207801100



17075,577925925572340	53673,493106292648010



17061,129063835203850	53581,217905508841800



17119,963966393785080	53532,239591000179640



17098,466878893475950	53510,137463514322010



17084,564413323241750	53271,834687901100550



17148,509279304027590	52996,200237494609610



17179,345265472496980	52964,019539875203920



17161,019879406663680	52964,019539875203920



17159,081617418931270	52940,679693250131100



17131,241127049681380	52927,418416758620880



17147,980662398280400	52450,435947895268330



16648,473245697809030	52175,862399608100530



16641,601225923121090	52087,300356241918060



16738,338119674499470	52906,200374372194340



16809,172785044363990	53032,978177631084690



16787,851903179303920	53038,989956307232200



16682,304727665505200	53182,011641798570060



16682,304727665505200	53162,208135571243480



16748,910457789406790	53207,119658622505080



16666,798631763645970	53099,614910531287020



16898,315056865671070	53137,807386826854780



16972,497629305253210	53312,302501858051980



16935,670651538333910	53306,467540201789240



16917,697676742995100	53290,200374372194340



16722,479612502142120	53367,469412062753690



16687,414691087709800	53378,785701335516940



16792,080838425266850	53317,960646494429960



16628,385803279492390	53330,337837886516360



16706,444899694539340	53457,469275185176230



16636,138851230422010	53441,909377435127680



16623,099634222038730	53441,378926375466110



16748,205635248410540	53713,100118747308440



16949,943307993453340	53700,546110335337290



16550,696897749330670	54074,644357221674000



16311,233439446737980	53986,612764915153100



16483,386345084436470	53892,192476295567760



16573,762056352483340	53731,135454775765540



16572,000000000000000	53710,094229409231050



16224,381840883659610	53653,359249622684730



16227,377336682882740	53620,648100943617460



16247,112367830704900	53609,154994650969460



16323,039217008383280	53515,441974110923180



16253,631976334896540	53560,176680142307300



16438,630113731342140	53492,102127485857640



16309,665368343890800	53463,481053861331020



16204,999221006335570	53467,724662338616320



16461,184435043138360	53447,213888031736140



16538,538708917189070	53459,237445384045720



16478,981204203228120	53386,212016170764400



16538,538708917189070	53355,799488750220920



16273,367007482718690	53296,212153048349140



16284,115551232871440	53233,288577565763260



16242,531021314247480	53233,465394585648030



16184,206956047022690	53262,640202866983600



16160,947812194232030	53254,860253991959320



16188,788302563481920	53483,791727551179060



16577,990991598446270	53216,844594716283610



16566,202993651189900	53114,290723181897190



16364,976158197505360	53081,602858099970040



16200,241668854627280	53158,494978153619740



16559,683385147000080	52979,402620605360420



16274,071830023713120	52486,506619952189800



16318,281664856674980	52558,801497488777380



16300,855086581470460	52591,159012128075120



16652,525975308522900	52266,923164849838940



16465,589575924346720	52178,691471926285880



16235,659001539557720	52247,473292662281890



16255,746443957878000	52208,043097227506220



16280,767644163152000	52276,824917963502230



16566,202993651189900	52362,911523051268880



16450,612096928231040	52362,381071991607320



16409,556183915352450	52501,536066642569500



16382,772927357593290	52501,005615582915200



16389,292535861786750	52538,467540201789240



16479,157409838473540	52077,221786108362720



15957,448083096704070	52333,736714769933320



16072,140172029032330	52517,603131855132240



16138,922107788181160	52488,274790151059280



15715,359319879775280	52428,157003389518650



15747,252539859737230	52160,832952917713560



15731,922649593125240	52088,538075381125960



15866,349769673275660	52655,874041406670580



15972,777973363316050	52702,530451059661580



16068,087442418318460	52817,107879946350300



15853,662963935390510	52754,514654906401120



16142,446220493147850	53175,115778022984160



16097,689989140051690	53430,416271142486950



16055,400636680433310	53417,331811670854220



16021,763139962375140	53357,921292988867210



15999,208818650578900	53312,479318877936750



15799,215422643630520	53364,463522724683570



15774,564413323241750	53349,964527093958170



15805,735031147822160	53448,097973131167240



15771,568917524018620	53446,152985912412980



15900,886074181964430	53550,982195108190360



16151,256502255570010	53291,261276491517490



15790,933757786955540	53691,528442321105100



15733,332294675114100	53653,182432602799960



15753,595942728679800	53657,956492139746840



16055,224431045184250	53649,646092205061000



15689,280885863010550	53502,003880599520920



15824,941445389898940	53763,846603454840080



15861,239806251071060	53689,760272122235620



15900,533662911468130	53973,881939483297180



15575,628251127784100	53681,626689207441820



15448,954178998565110	53759,602994977554770



15629,194764243302420	53776,577428886696000



15391,687347542831050	53239,477173261802820



15447,015917010832710	53080,188321940877360



15464,988891806169700	53032,978177631084690



15442,963187400118840	53005,571539548618600



15589,724701947658100	52828,954620278775110



15620,208276845633010	52772,196356895088680



15509,568917524018620	52662,946722202141240



15453,887936785520650	52774,141344113842940



15430,100176026984630	52757,874178284248040



15582,147859631975730	52609,547982196309020



15382,877065780410700	52589,921292988867210



15677,651313936614320	52403,048986565583620



15683,113688629315220	52320,652255298300590



15598,534983710078450	52399,512646167844650



15552,192901639746200	52448,490960676514080



15426,576063322016120	52281,245343460672300



15659,502133506028260	52194,251369676334440



15591,662963935390510	52144,035336028464370



15564,351090471885980	52154,290723181897190



15445,606271928845670	52275,940832864063850



15160,875744981800380	52322,774059536946880



15335,301544263338660	52416,663897096877920



15178,320102871392010	52872,628424190828810



15356,270014857900600	52887,481053861331020



15451,244852256793820	52918,223931724503920



15310,104138422815600	52972,153122789997720



15260,079517626656520	52950,581446363801660



15191,711731150271590	52939,795608150699990



15056,562008914739640	52972,683573849659300



15067,839169570637750	53012,644220344089260



15317,328569468001660	53276,431930418162660



15118,410186886932930	53320,259267752961020



15085,635938730727500	53317,783829474545200



15218,494987708030750	53443,323913594227640



14994,379199286438960	53557,170790804229910



15403,493125104474530	53384,090211932125380



15294,598042520956370	53865,493106292648010



14753,682301537108290	53651,060628364153670



14917,905953588628110	53690,467540201789240



14979,754131560821410	53800,978177631084690



14676,698218547941000	53724,239591000179640



14613,087984223264360	53721,233701662102250



14666,125880433035490	53584,223794846919190



14916,320102871392010	53543,555880272935610



14662,777973363316050	53343,068663318372280



14735,550900720911160	53355,622671730336150



14708,239027257406630	53166,982195108190360



14893,589575924346720	53090,066791457400540



14944,160593240641900	53089,005889338077400



14793,857186373747030	52860,781683858411270



14705,243531458183500	52835,850484054361000



14830,155547234919140	52789,701241863891480



14907,333615473724420	52496,054739026083560



14588,066784017990360	52577,013650537126520



14555,644947132281230	52453,972288293007300



14684,803677769368730	52425,327931071333300



14674,759956560208590	52433,638331006011860



14846,542671313021860	52371,045105966062690



14806,015375205886810	52316,608747438047430



14390,558046518908670	51924,121530483476820



14446,591438527902940	51915,811130548798240



14273,205093443466470	51926,596968761892640



14096,488620903697660	52285,665768957842380



14064,771606558982970	52385,720918616672860



14300,693172542218240	52654,459505247577910



14310,208276845633010	52791,292595042868920



14195,163776642808440	52998,675675773025430



14167,147080638311310	52986,828935440607900



14107,060959018603170	52984,353497162192070



14118,338119674501290	52962,251369676334440



14295,054592214270090	52973,037207889428830



14282,543992111632180	53003,980186369633880



14457,339982278057500	53099,968544571063830



14147,940666396234520	53236,824917963502230



14272,147859631975730	53351,025429213281320



14105,298902666118010	53067,987947568683010



14084,506637706805120	53062,152985912412980



14107,765781559595780	53679,681701988687560



13887,526517113468800	53257,512509290267190



13954,114467622981460	53286,133582914793800



13904,089846826820580	53133,210144309792670



13901,094351027597440	53093,249497815362700



13913,604951130235350	53038,636322267462680



13883,826198773253050	52961,544101596788100



13913,604951130235350	52900,011778676154790



13823,211460247799550	52910,797616889256460



14020,191580841135870	52812,157003389518650



13924,529700515635340	52678,329802932305030



13884,707226949494720	52043,272918290087540



13881,711731150271590	52028,950739679246910



13862,152905637698500	52040,974297031556490



13810,877065780410700	51947,791727551179060



13842,946491395621710	51973,430195434775670



13443,858507172357350	51942,487216954570620



13682,088526028210250	52072,094092531646310



13775,107321824982140	52143,504884968802800



13715,549817111019360	52182,935080403571190



13707,268152254344390	52212,817156764453100



13648,257044060514090	52208,750365307052560



13571,960003997952300	52255,960509616852500



13470,289352459618380	52275,056747764632740



13470,289352459618380	52258,966398954929900



13434,519608504191640	52269,752237168024300



13419,912320392961190	52264,624543591307880



13454,783256557759160	52312,011504920992600



13382,204314449802040	52362,911523051268880



13372,689210146387270	52401,811267426375700



13412,511683712527880	52481,909377435127680



13492,138851230422010	52395,445854710451380



14037,812144365976560	52362,027437951830500



13913,604951130235350	52472,361258361241200



13786,384482480882070	52552,789718812622600



13772,111826025759000	52695,481053861331020



13699,515104303414770	52633,948730940697720



13728,941445389898940	52767,599114378026570



13699,162693032916650	52789,170790804229910



13555,749085555098640	52804,730688554271180



13945,674376745446350	52802,962518355401700



13436,986487397669410	52584,616782392258760



13762,244310451849740	52938,557889011492080



13733,698997541605420	52925,296612519974580



13532,489941702307990	52999,736577892348580



13614,601767728068810	52934,137463514322010



13765,416011886320120	53214,722790477644600



13423,788844368426000	53098,377191392079110



13380,794669367813180	53165,921292988867210



13355,773469162539190	53188,553871534386420



13369,517508711915070	53229,221786108362720



13354,716235351048450	53145,056884642217480



13502,006366804333080	53044,648100943617460



13628,874424183190060	53070,817019886868360



13566,497629305251390	53388,510637429295460



13582,532342112857800	53374,188458818454820



13315,950995596398570	52997,791590673594330



13491,434028689427580	52084,294466903840660



13533,194764243302420	51902,019402997619180



12990,340761271721930	51925,359249622684730



13000,736893751378380	51973,430195434775670



13005,494445903084850	52112,054739026083560



13005,846857173581160	51860,290586304319730



12988,578704919236770	51852,510637429295460



12904,000000000000000	51850,565650210541200



12936,774248156205430	51878,679556372553640



12895,912320392961190	51758,620799869364420



12887,630655536286210	51870,369156437867780



12957,566513115516500	51777,717038017144660



12897,145759839700990	52406,585326963322580



12967,081617418931270	52569,056884642217480



12789,131705432424500	52563,221922985947460



12836,883432584743790	52600,353497162192070



12834,416553691266020	52620,687454449180220



12886,749627360044540	52669,665768957842380



12882,696897749330670	52580,549990934865490



12711,425020287873850	52460,337701008931620



13282,648130534447770	52545,363403977375130



12964,790944160702560	53057,909377435127680



12951,223110246573920	53049,598977500449110



12952,280344058064660	53028,734569153799380



12929,021200205274000	53256,097973131167240



13026,286710862397740	53475,658144636377980



12894,326469675725090	53148,239591000179640



12574,354815678998420	53271,657870881215780



12667,021200205274000	52567,819165503009570



12637,965050003675060	52528,035336028464370



12598,847398978527050	52464,581309486216920



12766,577384120626450	52363,972425170584760



12532,594080125125400	52094,373037037395990



12443,786439959925700	52046,632441667934470



12440,262327254957200	51909,799351872643460



12510,568375719072720	51819,622671730336150



12564,663505740336400	51884,160883989046850



12319,931657994680790	51777,363403977375130



12382,995495799223140	52060,424169219113540



12278,699539346551320	52093,488951937957610



12312,178610043749360	52629,528305443527640



12359,049309019826980	52830,545973457752550



12391,805777561643480	52778,031318551351440



12314,997900207725250	52857,422160480557070



12561,139393035367900	52682,750228429475100



12637,260227462680630	52653,575420148139530



12828,425562092819750	53375,956629017324300



12083,305269470451090	53165,744475968982440



11935,997358402779360	53032,801360611192650



11938,288031661008060	53014,942841602620320



11999,607592727456000	52947,929191065493800



12047,887936785520650	52798,011641798570060



12038,372832482105880	52784,219914247398260



12112,202993651189900	52793,060765241738410



11981,106001026371810	52740,546110335337290



11977,053271415659760	52722,687591326764960



11877,673293135554560	52803,846603454840080



11850,555404921688020	52819,760135244658160



12257,907274387238430	52680,274790151059280



12038,725243752602180	52599,292595042868920



12036,258364859124410	52577,190467557011290



12012,470604100590210	52576,129565437688140



12002,250677256181010	52565,343727224593750



11965,952316395008890	52590,451744048528780



12162,580025717848910	52708,011778676154790



12079,252539859737230	52443,540084119682440



11996,435891292983800	52481,202109355581340



12374,026788015942660	52583,379063253050840



11917,143355431198870	52525,206263710271740



11966,128522030257960	52496,762007105629890



11930,358778074829390	52513,889974437508500



11915,557504713962770	52463,874041406670580



11907,099634222038730	52436,467403324204500



11973,176747440193140	52323,481327616493220



12245,925291190347710	52103,037071011851360



12241,167739038639410	52079,697224386785820



12042,601767728068810	52095,964390216373430



12189,363282275606250	51962,113906162012420



12053,878928383966920	51991,995982522894340



12085,243531458183500	52297,866143330036720



12007,184435043136540	51635,756254645129960



12423,346586271109120	51876,380935114022580



11691,441716292370980	52059,186450079905620



11645,099634222038730	51783,905633713191490



11652,500270902472040	52257,021411736175650



11738,136209633201360	52362,381071991607320



11775,668009941113270	52298,927045449359860



11774,258364859124410	52585,500867491697140



11764,214643649966090	52493,225666707890920



11567,234523056629770	52508,078296378385860



11797,165097441418770	53138,514654906401120



11775,315598670615140	53099,791727551179060



11771,791485965646640	53123,662025235906180



11546,089846826820580	53207,119658622505080



11345,391628278879580	53137,276935767193210



11417,988350001225630	53123,485208216014140



11413,935620390511760	53103,858519008572330



11465,035254612550490	53089,536340397738970



11501,157409838475360	53054,196220017503940



11490,408866088322610	52957,300493119502790



11368,650772131670240	53098,554008411971160



11345,391628278879580	53092,542229735816360



11324,793348569202860	53091,834961656270020



11300,653176540170530	53031,386824452099970



11313,163776642808440	53299,571676426196060



11304,177289245139040	52867,854364653889200



11376,932436988345220	52839,210007432215200



11409,706685144548830	52738,247489076806230



11517,544533916578080	52770,605003716103960



11792,583750924959530	52615,029309812802240



11439,837848772027430	52435,406501204881350



11115,989670799835950	52004,196356895088680



11084,448862090370310	52006,494978153619740



11137,839169570637750	52787,225803585475660



11149,821152767530290	52809,327931071333300



11121,275839857287790	52863,787573196488660



10967,113688629315220	52873,689326310151960



10987,201131047635500	52794,828935440607900



11082,510600102637910	53001,858382130994870



11188,410186886932930	53113,053004042689280



10865,443037090983130	52616,090211932125380



10854,870698976077620	52429,041088488957030



10493,860911580857646	51624,263148352489220



10538,440937298706558	53018,302364980474520



18290,074471620933760	52287,433939156711860



18212,015375205886810	52406,585326963322580



18196,685484939276650	52396,683573849659300



17565,922649593125240	53281,005889338077400



17419,671972336942420	52890,663760219293180



17466,190260042523730	52776,263148352489220



17396,765239754651700	52779,269037690566620



16850,563329713349960	52274,703113724855940



16475,809502768755920	53811,233564784517510



15997,094351027597440	52863,964390216373430



15758,529700515635340	52972,329939809882490



15834,808960963810020	52661,709003062933340



15562,941445389898940	52528,565787088118670



15531,224431045184250	53165,214024909320870



15415,827519571863380	53887,595233778505640



15244,397216089546420	53113,053004042689280



15355,036575411160810	52195,665905835427110



14944,160593240641900	53371,713020540039000



14710,001083609891790	53439,433939156711860



14578,727885349824650	52414,895726898008440



14271,971653996726670	51725,402483727775690



13357,183114244526220	52419,139335375293740



13319,651313936614320	52221,481190738908480



11757,871240781023520	52656,227675446440120



10903,855865575136700	51745,536340397738970



10963,589575924346720	51715,854364653889200



10371,397995083212663	52695,304236841438980



10570,492583299528630	52688,231556045968320



10620,534983710078450	52961,190467557011290



9358,991533403392168	51379,041225366534490



9349,476429099977395	51401,320169872284170



9345,071288218767222	51420,239591000179640



9190,204314449802041	51496,094092531646310



9201,833886376196460	51335,213888031736140



9212,758635761598270	51326,196220017503940



9187,385024285826148	51321,245343460672300



9234,608134532401891	51311,697224386785820



9267,540808709465637	51346,706994324384140



9338,375474079326523	51353,249224060200500



9269,126659426701735	51484,777803258890340



9367,449403895314390	51800,526433582555910



9448,503996109584477	51844,200237494609610



9443,041621416883572	52019,756254645129960



9201,305269470451094	52105,689326310151960



9241,638580327949967	51959,992101923373410



9348,419195288486662	52104,274790151059280



9475,111047032094575	52306,883811344268900



9979,199810249025177	52595,048986565583620



10786,168280843585310	52620,333820409410690



10755,684705945610400	52849,819028625424840



8729,796769160089752	51463,736577892348580



8443,145759839700986	51543,127419821554220



8829,529158710691263	51825,103999346829370



9044,658459734613644	51171,304510596608450



9242,343402868942576	52059,716901139567200



8624,443578895927203	51665,461513986127100



9715,790165167036321	51391,948867818282450



9716,671193343279811	51423,775931397918610



9695,350311478221556	51424,306382457580180



9678,610776129622536	51371,438093511402260



10495,094351027597440	51695,697224386785820



10543,727106356158401	51633,988084446267750



10351,310552664894203	51472,577428886696000



10371,045583812714540	51342,817019886868360



10107,635938730727503	51346,530177304499380



10090,720197746881240	51282,876050145219780



10048,430845287261036	51282,345599085558200
