X	Y

6150,313738304999788	56463,599298302258830



6134,154509618072552	56474,359480284307210



6118,522212301370018	56482,120923025453520



6112,550323438809756	56459,189387653881570



6094,810300641204776	56442,431727190036320



6080,292400857303619	56420,205777522205610



6066,943472811580250	56365,522885482299900



6320,688214678041732	56546,233514222447410



6315,243257185707080	56583,100367242899660



6298,030165758327712	56584,511538650382140



6325,957528380300573	56565,813517501250320



6480,287885064140937	56522,339308138682100



6151,367601045451920	56640,076412819966210



6237,433058182348759	56673,768130173586540



6275,547760628689502	56665,830291006503100



6125,723607694457314	56653,306144765105280



6207,222326289397642	56728,451022213492250



6055,175338876535534	56676,943265840418460



6016,182417479818468	56682,058762192536960



6031,463427216369382	56680,294797933187510



6020,397868441626088	56649,425423394532120



6022,154306342378732	56612,029381096268480



5994,226943720405870	56549,937839167083440



5865,304401805135058	56551,701803426432890



5728,362780338749872	56597,212081317717100



5970,515032060240628	56955,105410279305940



5647,215349323960254	56969,922710057864600



5594,697856091445828	56988,091541929185040



5830,763109952649756	57079,288494137676020



5745,400227976053430	57140,755138945642100



5794,229201616986756	57241,301101728699000



5777,367397769758100	57234,774433969090750



5748,034884827183305	57221,721098449888820



5763,491538353810028	57283,812640379073860



5748,913103777559627	57280,108315434437820



5748,561816197408916	57296,865975898283070



5738,725763953192654	57275,874801211990420



5729,065355499050384	57272,699665545158500



5709,041963430466240	57291,397686694290320



5709,568894800691851	57310,352792851866980



5750,493897888237370	57315,115496352118500



5737,144969842514911	57316,526667759600970



5727,660205178448450	57308,684536435939660



5748,737459987484726	57338,929013853368820



5737,144969842514911	57343,162528075816220



5735,739819521912068	57362,213342076815020



5758,397868441626088	57391,318752356120960



5738,550120163116844	57393,611905893281800



5710,974045121294694	57357,979827854367620



5713,784345762499470	57329,050814000998800



5701,664924247304043	57336,988653168082240



5697,098185705345714	57322,524146241397830



5854,238843030391763	57460,642547748648210



5835,971888862560263	57461,524529878326580



5824,966864880165304	57486,043633083318120



5813,198730945119678	57508,703064185538100



6018,992718121023244	57481,280929583066610



5952,423721682484938	57431,184344617475290



5805,646047971881672	57667,636243953144000



5783,339286632318362	57555,800909910234620



5757,870937071399567	57878,687057954142800



5744,873296605827818	57799,837855561112520



5747,156665876806983	57779,199473726694120



6014,777267159216535	57951,972263299758200



5970,515032060240628	57963,614427411484940



5961,732842556475589	57940,330099188038730



5929,590028972695108	57984,252809245896060



5922,212989789532912	57961,321273874324100



5943,992819758869700	57964,672805967093160



5939,953012587137892	57944,563613410478860



5905,878117312529866	57960,792084596520000



5301,142508670240204	57896,760181982048380



5318,646352885421948	57888,469549963090680



5429,477584422936161	57896,407389130174120



5420,871038709246932	57888,212464954638560



5507,112139636219581	58193,716055413482540



5545,402485872635225	58042,287233378578100



5615,423823320331394	58137,974784817961340



5782,987999052167652	58186,131009098273360



5706,582950369412174	58223,350654970592580



5820,224482548132073	58241,166693990046040



5847,037447637304467	58297,870635297760600



5834,918026122108131	58293,284328223446210



6120,278650202123572	58189,306144765105280



5526,959887914727915	58192,128487580062940



6102,714271194593494	57847,994079841417260



6120,629937782274282	56598,623252725192280



6144,868780812665136	56586,451899335668720



6322,971583949019987	57074,172997785557520



6291,180057945391127	57490,277147305765540



6233,744538590767661	57613,835334042909380



6210,559558300828030	57605,544702023951680



6245,337028735737476	57587,728663004498230



6270,629734506580462	57580,672805967093160



6231,461169319788496	57577,497670300261240



6206,344107339020411	57633,591733747649420



6197,561917835255372	57648,056240674333820



6156,636914747710762	57730,514060168585280



6173,323074804864518	57748,330099188038730



6359,444957492334652	57950,913884744149980



6200,196574686385248	58166,374609393526040



6234,622757541143983	58116,807213705738830



6174,552581335391551	58179,427944912735260



6192,819535503222142	58184,543441264853760



6169,985842793433221	58201,477498154628840



6132,222427927244098	58217,705969340669980



6148,557300404247144	58177,663980653378530



6068,875554502408704	58365,077673579064140



6569,163642842243462	58279,878199852370020



6499,784345762499470	58274,233514222447410



6711,901509381114010	58289,050814000998800



6735,613421041280162	58307,396042298256360



6756,690675850315529	58260,923093694793350



6731,046682499321832	58264,803815065366500



6714,184878652093176	58259,511922287310880



6534,034884827183305	58144,148659725695320



6507,863960105963088	58166,198212967596190



6591,294760391730960	58194,245244691286640



6757,041963430466240	58115,572438724193490



6728,236381858117056	58130,036945650877900



6797,966966518011759	58110,456942372074990



6793,927159346279950	58093,699281908229750



6696,971787224713808	58090,876939093272080



6670,098287343192169	58091,758921222943170



6587,781884590224763	58273,704324944636030



6522,793682262364200	57922,161267316711020



6505,053659464758312	57903,463246167586480



6430,229404892680577	57900,640903352621540



6464,128656377213702	57902,934056889775100



6249,728123487619996	57992,543441264853760



6691,878117312529866	57661,991558323214120



6696,093568274337486	57597,430466430938400



6636,901611018960466	57637,119662266355590



6589,713966281053217	57616,657676857874320



6622,498820232785874	57566,208299040408740



6615,533603422122724	57532,516581686788420



6746,152048445797846	57350,571177965095560



6764,770290193780056	57354,275502909731580



6732,451832819924676	57303,392643657884040



6691,526829732379156	57228,247766209489780



6502,945933983854957	57213,254070005001260



6463,074793636761570	57244,652633821468040



6541,587567800421312	57203,552266578568380



6726,831231537515123	57174,976045577066540



6716,643891713147241	57195,967220263351920



6801,304198529442146	57189,440552503750950



6665,531548801234748	56786,213342076815020



6662,721248160029972	56823,609384375078660



6737,018571361882096	56586,275502909731580



6713,306659701716854	56677,472455118222570



6773,201192117394384	56624,553527337666310



7074,194113514110540	56792,563613410478860



6728,763313228342668	56770,337663742648140



6754,231662789261464	56725,099490120723200



6877,006672051897112	56948,225949667830720



6877,709247212197624	56922,744175750653080



6838,716325815481468	56935,525407000503040



6801,831129899667758	56896,990297564116190



6884,147532652635164	57084,933179767605900



6853,646047971881672	57072,585429952137930



6826,245616720134422	57062,707230099767910



6886,079614343463618	56990,031902614471620



6915,939058656264933	57226,483801950140330



6946,676721919442570	57267,584169193040000



6954,580692472831288	57233,892451839419660



6892,227146996099691	57266,702187063361640



6839,418900975781980	57244,123444543656660



6948,960091190421736	57354,628295761605840



6958,796143434637998	57318,290632018950420



6941,056120637033018	57304,980211491296360



6860,320511994743356	57298,277147305765540



6879,580794110677744	57579,438030985547810



6830,461067681942040	57602,545962783056900



6804,465786750797634	57641,882365766607110



6789,711708384472331	57717,637121075313190



6764,419002613629346	57972,610645134176600



6771,796041796791542	57945,974784817961340



6747,732842556475589	58048,284711860374960



6737,896790312258418	58057,633722434940860



6679,231764427107919	58025,529572914732860



6958,093568274337486	58074,214986472848980



6836,081668964351593	58189,482541191035120



6596,739717884065612	58138,680370521702570



6585,498515319246508	58147,500191818464380



7253,641532178719899	58406,178040821963800



7272,259773926701200	58370,722359208994020



7446,262235098975907	58351,318752356120960



7208,501078129367670	58281,465767685789620



7331,803018762228021	58215,236419377579300



7313,184777014246720	58167,080195097267280



7470,852365709517472	58274,762703500251520



7310,198832582966134	57991,132269857371280



7315,819433865375686	57960,792084596520000



7406,742382332033230	57890,586307074314390



7297,376835907469286	57839,879844248396700



7469,095927808764827	57685,628679398527310



7399,777165521369170	57490,982733009499500



7468,744640228614116	57648,232637100270950



7458,908587984397854	57665,519486841920300



7267,166104014517259	57173,741270595521200



7251,885094277966346	57160,687935076311980



7238,360522442168076	57162,981088613472820



7223,430800285767873	57143,930274612474020



7250,479943957364412	57142,519103204991550



7130,751413918357684	57159,629556520703780



7287,716427453327924	57120,116757111223700



7316,346365235602206	57065,176780062865880



7227,997538827725293	56983,858027706744900



7210,257516030120314	56984,740009836416000



7096,500874853673850	57109,275886546660330



6891,348928045722460	57036,776955487301160



7496,672002850586978	56889,405251248899730



7539,529087628960042	56873,176780062865880



7697,547963904382414	57027,427944912735260



7770,615780575707504	56955,810995983047180



7617,514930422394172	57145,165049594019360



7628,931776777288178	57091,283451101269750



7741,985842793433221	57182,208299040408740



7580,454090716505562	57412,309927042406340



7569,388531941761358	57385,674066726198360



7520,910845880978741	57429,596776784055690



7548,311277132725081	57459,407772767102870



7560,079411067770706	57350,571177965095560



7556,566535266264509	57256,823987210991620



7689,292705770842986	57284,694622508752220



7513,709450487891445	57554,742531354619130



7578,697652815752008	58023,412815803509140



7567,105162670782192	58048,108315434437820



7553,580590834984832	58044,403990489801800



7513,006875327590024	58026,587951470341070



7601,531345525541838	58079,234774981545340



7585,723404418764403	58095,639642593516330



7600,477482785089706	58114,337663742648140



7580,102803136354850	58119,982349372578030



7563,767930659351805	58123,333881465339800



7760,252796961264721	58017,591733747649420



7682,618241747982210	58167,256591523204400



7617,339286632318362	58191,952091154133080



7598,721044884337062	58187,189387653881570



7597,315894563734218	58173,254070005001260



7580,981022086731172	58169,902537912232220



7552,702371884607601	58188,600559061364040



7900,767829021505350	58271,940360685286580



7843,332309666881884	58196,185605376573220



7972,018672999728551	58158,436770226442600



8060,543143197680365	58179,075152060861000



8012,943676087274070	58183,661459135175390



7916,400126338206974	58129,860549224948040



7917,805276658809816	57920,397303057361570



7982,030369034020623	57877,275886546660330



7908,671799574894066	57874,806336583569640



7897,430597010074962	57854,344351175088380



7990,461270957634952	57847,288494137676020



8025,414385182620208	57857,695883267857420



8059,313636667153332	57881,862193620974720



7969,559659938674486	57828,237680136677220



8038,412025648192866	57696,469549963090680



7719,152150083644301	57766,498931059359160



7936,538627404517684	57321,112974833915360



7845,791322727935949	57052,123444543656660



7873,718685349908810	57014,727402245400300



7849,831129899667758	57032,896234116720740



7825,240999289126194	56988,620731206989150



7796,786705296927721	56945,580003278802900



7812,243358823553536	56930,586307074314390



8033,493999526083826	56951,224688908732780



8005,566636904110964	56949,460724649383340



8036,831231537515123	56916,217507991052120



8058,259773926701200	56884,818944174585340



7895,498515319246508	56883,584169193040000



7760,955372121566142	56841,072630542657860



7834,550120163116844	56814,965959504253990



7857,383812872905764	56748,111714074817430



7831,037244361610646	56624,200734485799330



7821,728123487619996	56602,680370521702570



7786,775009262634740	56617,144877448386980



7762,711810022318786	56657,716055413482540



8318,678979816024366	56745,289371259852480



8309,545502732107707	56728,803815065366500



8318,327692235872746	56711,869758175584140



8297,777368797062082	56712,398947453388240



8338,702371884608510	56682,411555044411220



8381,208169082830864	56635,666502171581670



8155,917721208568764	56734,881982129678360



8263,702473522454966	56771,748835150130620



8254,393352648463406	56794,327577669835590



8254,042065068313604	56818,493888022952890



8231,559659938675395	56818,141095171085910



8001,351185942304255	57095,164172471842900



8012,592388507123360	57081,228854822962600



8188,526931370225612	57611,718576931685680



8289,522110663523563	57668,341829656885240



8235,248179530255584	57694,881982129678360



8137,299479460586554	57660,756783341668780



8094,442394682213490	57681,395165176087180



8158,025446689472119	57794,016773505252780



8258,784447400346835	58042,287233378578100



8140,987999052167652	58092,111714074817430



8259,135734980496636	58397,181823099272150



8291,629836144427827	58404,590472988551480



8291,278548564276207	58382,188126894776360



8243,327793873719202	58386,950830395027880



8214,346568511295118	58341,969741781555060



8472,306761339563309	58226,172997785557520



8555,561917835255372	58233,758044100773980



8548,184878652093176	58208,886148043908180



8499,707192591309650	58362,255330764106480



8628,629734506581372	58346,908841707743700



8697,130812635947222	58255,631200916737720



8501,112342911912492	58162,141095171085910



8610,889711708974574	57733,689195835417200



8477,751718831897960	57698,762703500251520



8394,732740918629134	57794,898755634923880



8352,402587510481680	57708,993696204488520



8316,395610545045202	57591,609384375078660



8654,273727857575068	57355,157485039409950



8407,027806223899460	56625,435509467344680



8394,381453338477513	56632,491366504749750



8352,051299930330060	56597,917667021451050



8500,234123961536170	56595,095324206493380



8190,985944431279677	56552,583785556111250



8129,922440277424357	56643,604341338665110



8592,095826170918372	56532,041111565114990



8793,498718594939419	57083,169215508249180



8767,503437663794102	57233,892451839419660



8773,826614106505076	57316,350271333663840



8734,306761339563309	58252,279668823968680



8712,763109952649756	58217,176780062865880



8871,660205178448450	58365,077673579064140



8851,109881739637786	58350,965959504253990



8739,049143671596539	58479,639642593516330



9147,360420804321620	58505,746313631927480



9220,955168845872322	58578,598037543160900



9237,053862740451223	58565,897494875825940



9136,294862029577416	58412,175519303760660



9161,763211590496212	58409,353176488795720



9176,341646166745704	58408,823987210991620



9065,510414629232400	58424,699665545158500



9291,152150083644301	58362,608123615973460



9277,276290667696230	58320,096584965591320



9017,910947518825196	57853,285972619472880



9033,718888625602631	57828,414076562614360



9313,458911423207610	57816,242723173083500



9173,706989315616738	57769,144877448386980



9258,482405129638209	57019,842898597518800



9175,463427216369382	56559,286849741649350



9151,751515556205050	56571,458203131172920



9038,988202327860563	56578,514060168585280



8632,493897888238280	56462,893712598517600



8999,292705770843895	56674,650112303257630



9657,484561388373550	57320,230992704244270



9290,800862503494500	57703,172614148628780



9378,447113751068173	57796,662719894280600



9350,519751129095312	57816,242723173083500



9663,105162670783102	58050,930658249402770



9660,294862029577416	58012,652633821468040



9713,339286632319272	58018,120923025453520



9713,866218002543974	57972,787041560113720



9632,367499407604555	57968,553527337666310



9299,056120637033018	57910,166310353117300



9181,435316078930555	57817,830291006503100



9387,053659464758312	58227,231376341165740



9479,266649254292133	58504,158745798507880



9313,810199003357411	58444,456065249898530



9628,503336025947647	58438,282190342171820



9578,093568274336576	58416,409033526208080



9632,191855617529654	58409,353176488795720



9617,262133461128542	58409,353176488795720



9624,639172644292557	58385,010469709741300



9659,592286869275995	58406,178040821963800



9340,683698884879050	58602,411555044411220



9798,641633816565445	58246,634983194038800



9806,896891950105783	58213,296058692285440



9626,746898125195003	58273,880721370573160



9790,210731892952026	58134,094063447388180



9748,292400857302709	58127,567395687787210



9727,742077418493864	58139,209559799506680



9786,170924721220217	58028,528312155634920



9834,999898362153544	58062,220029509255260



9790,737663263176728	58072,980211491296360



9958,828770365240416	57950,031902614471620



10003,091005464215414	57936,096584965591320



9991,498515319246508	57874,100750879828410



9763,864163381656908	57900,111714074817430



9801,100646877619511	57862,458586768101670



9836,580692472831288	57740,392260020955290



10017,142508670240204	57841,820204933690540



10021,709247212198534	57816,595516024957760



10040,793885538058021	57784,138573652882770



9806,194316789804361	57733,512799409480060



9831,487022560648256	57704,936578407978230



9959,706989315616738	57623,537137469342270



9971,826410830812165	57617,892451839419660



10087,515133698087084	57475,636243953144000



9603,737561625330272	57415,837855561112520



9834,824254572078644	57140,931535371571960



9823,056120637033018	57138,461985408481270



9864,859342674953950	57100,985254527709920



9991,849802899396309	57036,071369783559930



10088,042065068313605	57033,601819820461970



9953,208169082830864	56871,060022951642170



9957,950551414864094	56847,775694728195960



9977,973943483448238	56852,891191080314460



9931,955270483718778	56856,595516024957760



9836,053761102604767	56786,036945650877900



9863,454192354352926	56776,687935076311980



9804,789166469201518	56758,871896056858530



9975,163642842242552	56608,854245429436560



9775,807941106777434	56549,408649889279330



10271,765469487078008	56831,547223542162100



10263,334567563462770	56816,729923763603440



10205,196473048537882	56859,594255265852560



10189,388531941762267	56832,076412819966210



10168,838208502951602	56804,029381096268480



10117,725865591039110	56796,973524058863400



10270,711606746624966	56760,988653168082240



10214,505593922529442	56783,038206409983100



10285,580794110677743	56763,281806705243070



10328,964810259276419	56774,041988687284180



10389,034986465030670	56730,038590046911850



10361,107623843057809	56708,518226082815090



10415,557198766400688	56620,672805967093160



10159,880375209111662	56562,461985408481270



10161,285525529712686	56603,562352651380940



10184,821793399803937	56527,102011638926340



10134,412025648192866	56888,699665545158500



10114,915564949833424	56875,469933600019430



10105,255156495692063	56952,812256742145110



10093,135734980496636	56974,156224280304740



10082,948395156128754	56976,625774243395420



10167,608701972423660	56963,925231576067740



10148,990460224442359	56978,036945650877900



10109,821895037650393	57027,957134190539360



9988,161283307816120	56950,519103204991550



10190,793682262363291	56876,881105007501900



10332,653329850858427	57455,527051396529720



10126,156767514652529	57495,216247231946910



10508,648407506309013	57499,626157880324170



10264,915361674140513	57805,482541191035120



10172,175440514381989	57794,193169931189920



10178,849904537242764	57759,972263299758200



10182,362780338749872	57933,450638576563500



10272,643688437454330	58343,557309614974660



10269,306456426023942	58376,543441264853760



10325,978865827997652	58355,023077300757000



10392,899149846685759	58299,634599557110050



10386,751617194051505	58370,722359208994020



10482,301838995013895	58206,769390932684480



10513,039502258192442	58158,436770226442600



9787,927362621972861	58226,172997785557520



10575,508156732650600	58363,666502171581670



10587,100646877619510	58335,090281170087110



10717,779626693643880	58270,529189277804100



10577,088950843328350	58122,451899335668720



10555,309120873991560	58121,922710057864600



10822,929722156401110	58132,330099188038730



10802,264289719863880	58098,461985408481270



10716,550120163117750	58054,282190342171820



10695,297221564005670	58008,419119599020630



10601,503437663794100	57950,561091892275720



10584,817277606642160	57925,336402983550220



10843,304401805135060	58015,298580210495860



10844,709552125737900	58108,692978112725540



10836,278650202122660	58083,468289203992760



10821,875859415948070	58215,236419377579300



10700,390891476188700	57914,047031723697730



10767,311175494878630	57078,759304859871920



10751,151946807951390	57003,085238133673560



10826,266954167831500	56911,983993768604700



10748,692933746897320	56880,232637100270950



11232,646149609729040	56703,402729730696590



11217,013852293026500	56691,584169193040000



10763,447012113221720	56856,066326747146380



10700,917822846415220	56996,911363225946840



10782,943472811581160	57101,867236657381000



10890,376937545315740	57234,245244691286640



11078,255258133538520	57281,519486841920300



11033,702270246762060	57217,134791375574420



10947,812456899939210	57490,453543731695390



10996,992718121024150	57551,038206409983100



10928,315996201581580	57711,286849741649350



10948,690675850315530	57808,304884006000060



10922,871038709246930	57808,657676857874320



10936,044322964893580	57785,726141486295090



10911,454192354352930	57778,141095171085910



11062,859139399261040	57764,558570374072590



11045,646047971882580	57774,260373800512750



11047,226842082560320	57725,574960242396630



10989,966966518011760	57901,346489056362770



10863,503437663794100	57990,955873431434160



11078,606545713690140	57926,747574391025410



10553,728326763313817	57942,976045577066540



11012,800659227799770	58163,023077300757000



10848,046784137168290	58040,170476267354390



10988,561816197408920	58177,663980653378530



10979,252695323417360	58207,474976636425710



11108,290346236415640	58178,545962783056900



11080,714271194592580	58136,916406262353120



11172,575973403974790	58140,444334781059300



11148,512774163658830	58045,815161897277000



11130,772751366053850	58057,633722434940860



11119,355905011159850	58046,873540452892480



11150,093568274336580	58030,645069266851350



11206,299581098433920	57994,660198376077460



11217,013852293026500	57968,906320189540560



11077,728326763313820	57999,422901876328980



11101,615882213554870	57893,761442741146310



11110,398071717319910	57906,109192556614290



11082,821996675496850	57897,289371259852480



11183,641532178718990	57818,006687432440230



11166,252796961265630	57816,771912450887610



11136,744640228615030	57795,251548486798130



11113,208372358523780	57761,912623985044780



11196,287885064140940	57778,493888022952890



11303,957528380300570	57798,603080579567180



11266,369757304186350	57779,728663004498230



11304,835747330676900	57772,320013115226180



11329,777165521369170	57765,087759651883970



11362,913307053253450	57760,854245429436560



11220,351084304456890	57535,162528075816220



11217,716427453327920	57517,346489056362770



11169,590028972696020	57463,288494137676020



11149,215349323960250	57451,646330025956560



11295,877914036836960	57401,373348634428110



11157,997538827725290	57405,430466430938400



11148,512774163658830	57408,781998523707440



11111,803222037920930	57316,173874907733990



11197,868679174818680	57207,080195097267280



11222,458809785361150	57204,081455856372480



11274,449371647649970	57181,326316910730380



11290,257312754427400	57161,569917205990350



11232,119218239502520	57148,692978112725540



11264,437675613356990	57136,874417575061670



11265,667182143884930	57119,411171407482470



11286,744436952920300	57098,692100990549080



11266,721044884336150	57095,164172471842900



11277,259672288855650	57043,832812524706240



11311,510211353537670	57055,651373062362840



11326,088645929788980	57022,488844986546610



11291,486819284953530	56966,394781539158430



11274,449371647649970	56928,645946389027820



11278,137891239231980	56905,810118860870720



11297,458708147514700	56898,225072545661540



11300,795940158945090	56875,293537174082300



11246,697652815752010	56890,110836952640960



11327,493796250390000	56862,240201654880360



11334,810300641205690	56805,440552503750950



11046,524266922258900	56642,898755634923880



11003,140250773658410	56608,501452577562300



11481,297221564005670	56646,603080579567180



11390,138094514924890	56666,359480284307210



11367,831333175361580	56697,581647674836860



11532,760852056067960	56951,753878186536900



11383,639274282139010	57314,409910648377260



11385,746999763041460	57405,430466430938400



11412,620499644563100	57387,967220263351920



11396,461270957635860	57385,144877448386980



11391,894532415677530	57368,563613410478860



11389,435519354623470	57347,396042298256360



11400,325434339292770	57341,927753094270880



11234,753875090631480	57936,625774243395420



11788,437675613356990	58334,913884744149980



11547,163642842242550	58208,356958766104070



11684,105264308629560	58152,792084596520000



11797,044221327047130	58028,175519303760660



11812,852162433824560	57931,863070743151180



11636,857084778373970	57460,289754896781240



11611,915666587679880	57435,065065988048440



11585,278345288583300	57449,529572914732860



11728,894430777831080	57465,934440526703840



11545,231561151415010	57388,320013115226180



11623,156869152500800	57144,459463890278130



11564,903665639849350	57000,792084596520000



11572,631992403161350	56978,742531354619130



11581,238538116851490	56960,220906631424440



11558,756132987213280	56945,227210426935920



11580,535962956550060	56909,514443805514020



11567,187034910826700	56893,991558323214120



11567,362678700903420	56931,997478481796860



11651,435519354623470	56957,927753094270880



11684,280908098704460	56927,234774981545340



11669,702473522454970	56956,340185260851280



11775,088747567635440	57032,014251987049640



11791,599263834712470	57045,243983932188710



11580,887250536701690	56884,289754896781240



11977,896790312259330	56739,997478481796860



11997,393251010616950	56731,802554306261300



12003,013852293026500	56759,577481760599760



11929,419104251475800	57119,234774981545340



11908,693137022590240	57122,233514222447410



11914,313738304999790	57089,343090415983170



11889,372320114307510	57112,274625787555120



11872,861803847228660	57099,044893842416060



11857,405150320602840	57089,695883267857420



11897,451934457771130	57089,872279693787280



11835,158923773387870	57081,228854822962600



11960,332411304729250	57229,835334042909380



11913,786806934773270	57171,448117058360360



12051,667182143884930	57182,561091892275720



12033,575871766128330	57532,340185260851280



11957,346466873448660	58013,534615951139130



12004,594646403704250	58103,401085334669920



12283,456450250932900	58373,368305598021840



12337,203450013974360	58295,753878186536900



12265,892071243402820	58138,327577669835590



12350,025446689473030	58065,747958027954160



12336,852162433824560	57902,757660463845240



12370,575770128281870	57673,457326009003740



12330,704629781188490	57685,099490120723200



12381,756437900752640	57595,137312893777560



12376,723302780917950	57529,694238871823470



12372,156564238959620	57552,802170669332560



12369,521907387830650	57516,640903352621540



11957,170823083373760	57288,751740305262500



12405,468349560918800	56446,312448560609480



12540,362780338749870	56580,278024427934720



12613,781884590225670	56585,393520780053220



12566,884992640119890	56573,751356668333760



12547,388531941762270	56566,695499630928680



12539,660205178448450	56611,852984670331350



12642,702575160301420	56807,380913189037530



12643,756437900752640	56833,311187801511550



12611,147227739094890	57302,157868676338700



12638,372015200766330	57289,457326009003740



12592,528985991113590	57259,822726451893680



12573,735100453057380	57220,662719894280600



12475,725865591039110	57298,277147305765540



12635,561714559562460	57351,805952946640900



12553,887352174548140	57446,530833673838060



12562,318254098161560	57459,584169193040000



12528,419002613629340	57530,399824575564710



12524,203551651822640	57516,111714074817430



12427,599467110407200	57614,893712598517600



12412,494101163931190	57588,257852282309620



12470,105264308629560	57784,844159356624000



12421,276290667696230	57793,134791375574420



12483,102904774201310	57881,156607917233480



12575,842825933959830	57864,928136731199630



12612,376734269622830	57886,624897121226240



12610,795940158945090	57913,165049594019360



12499,613421041280160	57942,270459873325310



12627,657744006173740	57994,836594802007310



12456,229404892679670	57987,780737764602240



12606,404845407061660	58106,576221001501840



12862,784244124652100	58468,879460611475220



12839,423620044637570	58442,339308138682100



12792,878015674683410	58296,812256742145110



12733,510414629232400	58145,559831133177800



12716,648610782001920	58117,336402983550220



12724,201293755240840	58097,932796130677160



12766,355803373313390	58030,821465692788480



12480,819535503222140	57813,067587506251580



12443,934339587409340	57720,812256742145110



12819,927159346279950	57694,095707843422140



12846,449371647649970	57659,169215508249180



12848,732740918629130	57639,236419377579300



12812,550120163117750	57521,227210426935920



12721,917924484261680	57573,440552503750950



12654,646352885421950	57349,160006557613080



12676,601826644833640	56859,241462413985580



12861,554737594125980	56671,651373062362840



12856,636711472017850	56639,194430690287840



12718,580692472831290	56731,449761454394320



13054,351084304456890	56713,986515286807840



13087,020829258462980	56725,275886546660330



12950,896891950105780	56700,580386915731650



12989,011594396444710	56682,764347896278200



12944,749359297469710	56658,774433969090750



13025,018571361883000	56809,497670300261240



13068,929518880708200	57368,034424132674760



13101,247976254562670	57292,279668823968680



13119,339286632319270	57266,172997785557520



13175,484764664066460	57324,288110500747280



13076,833489434095100	57970,317491597023040



13162,547658990843050	57967,142355930183840



13167,756437900752640	57943,152442003003670



13052,945933983854050	58095,639642593516330



12944,749359297469710	58258,982733009499500



13302,826512468658620	58450,982733009499500



13408,915361674140510	57134,934056889775100



13473,140454049353140	57103,102011638926340



13307,041963430467150	56982,446856299262440



13751,650970316430180	56663,889930321216520



13695,796245072484450	56677,472455118222570



13684,615577300013680	56717,161650953639760



13760,608803610270120	56613,793345355617930



13472,964810259276420	57074,349394211494660



13497,554940869818890	57117,213725713743770



13290,707090953463190	57418,131009098273360



13611,547760628689500	58210,120923025453520



13575,013852293026500	58251,044893842416060



13602,238639754697940	58177,663980653378530



13576,067715033477720	58173,783259282805380



13749,718888625602630	58264,980211491296360



13707,037447637303560	58248,575343879325380



13760,081872240045410	58178,369566357119760



13696,850107812937500	58324,859288465842840



13685,142508670240200	58346,556048855869450



13631,571152697273650	58526,737488318212860



13625,423620044637570	58564,486323468343470



13611,547760628689500	58547,905059430435360



13592,578231300556580	58539,438030985547810



13621,910744243132280	58483,873156815963740



13855,983381621159420	58489,694238871823470



13834,203551651822640	58479,992435445390580



13788,711810022319700	58294,871896056858530



13943,980920448884720	58223,350654970592580



13810,842927571806280	58108,516581686788420



13905,866218002543970	58137,092802688290250



13920,093364998643660	58113,102888761102800



13956,391094751881610	58115,043249446389380



13904,987999052167650	58026,587951470341070



13863,360420804321620	57924,983610131675960



13851,065355499051290	57917,574960242396630



13834,554839231972440	57915,634599557110050



13978,346568511295120	57810,774433969090750



13960,430901923615240	57173,035684891779960



13967,807941106777440	57137,050814000998800



14009,786806934773270	56951,401085334669920



13993,978865827997650	56947,696760390026610



14009,435519354623470	56930,233514222447410



13826,299581098433920	56811,967220263351920



13996,789166469201520	56792,740009836416000



13847,903767277695810	56650,836594802007310



13876,358061269893370	56631,785780801008520



13875,479842319517050	56652,424162635426910



14134,669541678313180	56761,341446019956500



14127,292502495149160	56784,802170669332560



14060,547862266535960	56802,618209688786010



14056,683698884879050	56828,195691449393060



14038,943676087274070	56832,781998523707440



14039,646251247575490	56819,905059430435360



14030,512774163658830	56802,618209688786010



14022,784447400346840	56849,363262561615560



13983,440238423478150	56704,108315434437820



13982,035088102877120	56675,884887284810240



14131,332309666882790	56869,472455118222570



13755,515133698087080	56767,868113779557460



14254,573715507394810	57165,803431428437760



14296,025649965165940	57659,698404786060560



14279,866421278236880	57675,574083120227440



14243,683800522725500	57651,936962044906980



14273,016313465301210	57633,415337321712280



14020,501078129367670	57654,053719156130680



14020,676721919442570	57769,497670300261240



14028,053761102604770	57758,208299040408740



13921,498515319246510	58013,005426673335020



14084,611061506851910	58164,963437986050850



14111,133273808221930	58273,175135666831920



14265,990561862288810	58538,203256004002470



14234,374679648735760	58535,910102466841640



14221,025751603012400	58508,921449298759400



14384,901407743267560	58533,616948929688080



14265,639274282139010	57946,327577669835590



14235,252898599112090	57921,102888761102800



14301,119319877348970	57949,326316910730380



14324,655587747440220	57617,186866135678430



14282,676721919442570	57589,669023689784810



14301,470607457500590	57580,849202393030280



14315,346466873448660	57563,385956225443800



14532,908587984396940	57334,342706779054420



14529,220068392816760	57213,254070005001260



14524,302042270706810	57201,259113041407540



14510,777470434910360	57060,414076562614360



14798,772751366053850	56853,243983932188710



14794,908587984396940	56833,134791375574420



14817,566636904111870	56843,718576931685680



14830,388633579608720	56838,955873431434160



14564,875757778101620	56911,278408064863470



14565,402689148328140	56946,109192556614290



14575,941316552845820	56896,637504712241940



14707,322871529171610	57220,486323468343470



14757,496460698357620	57365,917667021451050



14769,088950843328350	57347,043249446389380



14780,330153408147450	57338,399824575564710



14785,248179530255580	57371,033163373576820



14653,751515556205050	57339,810995983047180



14554,337130373583930	57391,847941633925080



14529,044424602740040	57396,787041560113720



14522,369960579879260	57374,384695466345880



14586,655587747440220	57334,695499630928680



14595,086489671053640	57321,112974833915360



14598,950653052710550	57278,520747601018230



14638,470505819652320	58023,060022951642170



14640,753875090631480	57999,775694728195960



14627,580590834984830	58014,945787358621600



14628,458809785361150	58075,978950732198420



14591,046682499321830	58097,403606852873060



14605,625117075571320	58073,156607917233480



14611,421362148057600	58055,869758175584140



14613,353443838885140	58040,699665545158500



14589,817175968795710	58035,760565618977120



14568,388633579608720	58127,214602835920230



14549,419104251475800	58142,208299040408740



14555,917924484261680	58116,454420853871850



14543,271571598839730	58095,992435445390580



14541,690777488161980	58121,040727928186240



14627,229303254833210	58251,574083120227440



14710,308815960450380	58196,362001802510350



14628,634453575436060	58127,567395687787210



14786,477686060783530	58220,881105007501900



14777,168565186791970	58174,488844986546610



14796,138094514924890	58169,902537912232220



14803,515133698087080	58157,907580948638500



14817,039705533885350	58328,210820558611880



14790,517493232515340	58335,090281170087110



14764,346568511295120	58333,149920484800530



14618,974045121294690	58340,029381096268480



14583,493999526084740	58322,389738502752150



14558,025649965165940	58281,465767685789620



14772,777470434910360	58441,457326009003740



14750,997640465571750	58434,048676119724400



14722,252593685570900	58626,225072545661540



14804,217708858388500	58643,688318713240740



14938,585208265993060	58473,818560537656600



15022,131117549488410	58532,029381096268480



14880,447113751068170	58366,488844986546610



14861,126296842785450	58289,227210426935920



14959,838106865105150	58268,860932861876790



15110,655587747440220	58315,863070743151180



14963,350982666610440	58244,871018934689340



14923,304198529442150	58197,243983932188710



14926,817074330947440	58221,939483563110120



14907,847545002816330	58250,162911712744970



14942,976303017876490	58219,293537174082300



14934,369757304186350	58185,778216246399100



14910,482201853945300	58155,967220263351920



14988,994976017604130	58166,021816541659060



15087,470607457500590	58175,900016394029080



14943,678878178177910	58246,282190342171820



14960,013750655180050	57684,923093694793350



14972,308815960450380	57657,934440526703840



14941,571152697273650	57674,868497416486200



14945,435316078930560	57667,107054675332620



14923,479842319517050	57676,103272398031550



14899,767930659352720	57691,096968602520060



14929,276087392001500	57657,758044100773980



14925,763211590496210	57625,301101728699000



14929,276087392001500	57347,396042298256360



14850,412025648192870	57331,873156815963740



14926,992718121024150	57288,222551027458400



14881,325332701444500	57297,924354453891280



14871,664924247303130	57305,156607917233480



14896,606342437997230	57292,103272398031550



15014,578434576249490	57386,026859578065340



15049,004617431008230	57304,274625787555120



15011,065558774744200	57332,755138945642100



14998,655384471745490	57241,830291006503100



14836,360522442168080	57169,684152799010920



14844,264492995556790	57152,220906631424440



14836,184878652093180	57143,753878186536900



14825,119319877348970	56808,086498892778760



14853,222326289396730	56820,081455856372480



15030,913307053253450	56782,332620706241870



15051,639274282139010	56770,161267316711020



15274,119421515195430	56660,185605376573220



15171,603982903568980	57152,926492335165680



15121,896790312259330	57188,911363225946840



15136,475224888508820	57379,676588244401500



15283,077254809035370	57619,656416098769120



15280,091310377756600	57752,387216984549020



15311,004617431008230	57726,986131649879100



15305,208372358523780	57776,024338059862200



15284,482405129638210	57718,519103204991550



15277,632297316702530	57673,810118860870720



15161,592286869276000	58036,818944174585340



15142,798401331219790	58043,345611934186310



15169,496257422664710	58122,804692187535700



15150,702371884608510	58105,870635297760600



15349,470607457500590	58144,501452577562300



15299,412127286039320	58140,267938355122170



15171,428339113494080	58211,179301581069010



15235,011391120751800	58163,375870152631250



15169,496257422664710	58156,849202393030280



15155,971685586866440	58143,972263299758200



15130,503336025947650	58273,527928518706180



15355,969427690286470	58611,584169193040000



14932,613319403433710	58563,251548486798130



15436,765571124924460	58653,390122139680900



15484,891969605556370	58565,721098449888820



15443,791322727936860	58108,516581686788420



15448,006773689743570	58179,604341338665110



15325,758695797334440	58172,724880727197160



15347,889813346822850	58183,485062709245540



15293,791526003629770	58157,554788096771520



15330,325434339292770	58142,208299040408740



15357,550221800964210	58134,799649151129420



15461,004414155315320	57960,262895318715890



15478,920080742997020	57954,089020410981900



15457,842825933959830	57940,682892039905710



15295,372320114307510	57823,474976636425710



15271,484764664066460	57792,076412819966210



15396,191855617529660	57763,147398966590120



15568,262235098975000	57846,230115582067810



15524,236178582423240	57846,935701285809040



15497,362678700903420	57787,842898597518800



15479,973943483448240	57744,625774243395420



15508,252593685570900	57643,999122877823540



15485,945832346007590	57668,694622508752220



15422,889711708974570	57616,657676857874320



15424,119218239502520	57572,911363225946840



15487,175338876535530	57548,921449298759400



15488,580489197138380	57536,926492335165680



15477,514930422394170	57530,929013853368820



15458,545401094261250	57440,533355192041200



15414,283165995286250	57501,566518565610750



15555,264594633403250	57270,759304859871920



15591,271571598839730	57121,527928518706180



15800,754078366324390	56741,937839167083440



15817,264594633403250	56734,881982129678360



15854,149790549216050	56855,007948191538160



15805,672104488434340	56959,162528075816220



15778,683495609186140	57006,613166652379730



15850,988202327860560	56937,465767685789620



15627,981123724577630	57098,868497416486200



15617,266852529985040	57083,345611934186310



15603,742280694186780	57097,280929583066610



15554,562019473101830	57084,580386915731650



15763,753773452785030	57135,992435445390580



15792,147532652636070	57167,390999261850080



15796,714271194592580	57086,167954749151250



15526,459013061054060	57248,886148043908180



15805,320816908282720	57346,161267316711020



15691,212888151685550	57872,865975898283070



15636,938957018417570	58021,648851544159700



15630,615780575706600	58100,225949667830720



15842,732944194322040	58577,892451839419660



15826,573715507394810	58567,837855561112520



15780,615577300013680	58631,340568897780030



15786,060534792348340	58606,645069266851350



15345,255156495692060	58641,924354453891280



15908,423721682484030	58579,832812524706240



15874,524470197951810	58549,316230837917830



15909,301940632860350	58548,081455856372480



15900,695394919172030	58496,750095909228550



15886,468247923072340	58498,161267316711020



15863,458911423207610	58522,151181243898460



15868,025649965165940	58513,684152799010920



15988,517289956822420	58165,139834411980700



15969,372116838614600	58050,577865397528510



15873,294963667423870	57535,338924501753360



15874,875757778101620	57313,704324944636030



15836,058480171461270	57316,879460611475220



15900,871038709246930	57289,280929583066610



15878,212989789532000	57303,039850806009780



15937,756234625059730	57264,938222804012180



16016,620296368870190	57236,185605376573220



16011,350982666610440	57213,077673579064140



15907,896790312259330	57000,086498892778760



15927,393251010616950	56975,743792113724340



15884,360522442168080	56950,695499630928680



15990,625015437724870	56786,213342076815020



16046,655384471745490	56633,549745060365240



16128,620499644563100	56643,957134190539360



16202,742179056340320	56674,473715877327780



16093,843029209652740	56718,572822361122240



16108,948395156128750	56716,103272398031550



16269,662463075030250	57038,717316172587740



16259,650767040737260	57030,250287727692920



16256,313535029306880	57074,172997785557520



16225,400227976053430	57032,190648412979500



16048,878218950376320	57186,265416836919030



16095,072535740180680	57259,469933600019430



16060,119421515195430	57390,613166652379730



16164,451832819924680	57900,817299778558660



16189,568894800691850	57901,699281908229750



16040,859139399261040	57855,402729730696590



15885,590028972696020	57886,272104269351980



16107,191957255376110	58169,196952208490980



16119,135734980496640	58238,344351175088380



16144,779728331490330	58238,167954749151250



16195,189496083101400	58218,587951470341070



16234,884992640119890	58231,994079841417260



16242,086388033207190	58262,157868676338700



16223,643790075300780	58267,626157880324170



16215,388531941762270	58339,852984670331350



16195,540783663253020	58310,218385113221300



16134,768032297199170	58483,873156815963740



16172,004515793161770	58443,574083120227440



16177,273829495421520	58183,485062709245540



16206,957630018147030	58199,713533895279400



16134,592388507122450	58156,849202393030280



16294,779525055797420	58045,638765471347140



16320,714271194592580	57969,788302319211660



16384,297323201852120	57761,030641855373690



16377,447215388914630	57729,102888761102800



16343,899251484532220	57747,271720632423240



16541,322871529169790	57693,213725713743770



16535,526626456685340	57553,507756373073790



16401,334770839155680	57477,223811786556320



16543,606240800148950	57375,795866873828340



16374,461270957635860	56926,529189277804100



16364,449574923342880	56937,289371259852480



16352,857084778373970	56943,110453315712220



16438,571254335118280	56886,406512008004940



16399,227045358253240	56874,587951470341070



16496,709348850043170	56886,053719156130680



16466,322973167018060	56882,172997785557520



16433,126296842787270	56863,651373062362840



16447,704731419034940	56845,482541191035120



16480,374476373042850	56856,066326747146380



16467,376835907471100	56828,195691449393060



16432,423721682484030	56834,722359208994020



16383,594748041550700	56838,250287727692920



16404,672002850587890	56841,601819820461970



16395,011594396444710	56854,831551765601040



16399,578332938403040	56819,552266578568380



16468,606342437997230	56774,923970816962540



16333,184980289939630	56774,394781539158430



16332,658048919713110	56762,399824575564710



16343,021032534155890	56705,166693990046040



16500,749156021774980	56673,944526599523670



16448,056018999184740	56665,830291006503100



16493,372116838614600	56629,845420115721940



16304,966864880165300	56639,723619968091960



16342,669744954006090	56560,345228297257560



16386,580692472831290	56533,805075824464440



16729,903767277693990	56729,509400769107740



16649,107623843057810	56667,417858839915420



16639,798502969064430	56640,781998523707440



16762,924799811851700	56620,143616689289040



16713,744538590766750	56588,921449298759400



16526,744436952922120	56867,884887284810240



16608,006976965436480	56808,262895318715890



16665,442496320058130	56979,977306336164480



16633,299682736280370	56989,679109762604640



16572,878218950376320	57026,722359208994020



16287,753773452785030	57009,259113041407540



16679,142711945933120	57400,314970078812620



16600,629937782272460	57379,852984670331350



16616,789166469203340	57372,973524058863400



16672,116960342922540	57514,347749815460700



16662,280908098706280	57485,338047379576890



16755,196473048537880	57488,865975898283070



16758,006773689743570	57454,292276414984370



16604,845388744080990	57579,261634559610680



16688,276189029849780	57610,307405524203200



16617,140454049353140	57722,929013853368820



16579,728326763313820	57751,858027706744900



16595,184980289941450	57739,510277891276930



16585,875859415948070	57695,587567833419600



16654,903868915542260	57714,109192556614290



16472,119218239502520	57691,626157880324170



16579,903970553386900	57629,534615951139130



16376,217708858388500	58065,395165176087180



17081,833387796250460	56408,210820558611880



17059,526626456685340	56386,690456594522400



17147,463630492064110	56365,522885482299900



17146,058480171461270	56352,469549963090680



17045,299479460587460	56742,467028444887540



17040,557097128552410	56786,742531354619130



17027,559456662980660	56813,907580948638500



17020,709348850043170	56807,028120337170550



17020,884992640119890	56817,259113041407540



17009,116858705074260	56803,323795392527240



17124,454293992199380	56805,969741781555060



17152,030369034022440	56720,865975898283070



17361,161588221355490	56524,456065249898530



17240,027907861745920	56536,803815065366500



17316,257312754427400	56781,979827854367620



17290,788963193506790	56806,146138207492180



17298,166002376670800	56850,421641117223770



17223,166104014519080	56894,520747601018230



17174,688417953733730	56905,633722434940860



17155,894532415677530	56906,162911712744970



17175,742280694186780	56926,705585703741240



17982,116960342922540	56445,077673579064140



17995,992819758870610	56306,702187063361640



17768,067715033477720	56744,760181982048380



17773,688316315889100	56779,510277891276930



17746,287885064142760	56767,338924501753360



17889,201395393087300	56579,043249446389380



17843,067613395633090	56528,160390194541840



17815,491538353810030	56645,368305598021840



17771,580590834983010	56602,680370521702570



17935,395712182889840	56409,092802688290250



17964,903868915542260	56391,453160094766640



18135,629632868734920	56304,056240674333820



18164,199035858659040	56275,656416098769120



18183,871140347091570	56251,313709319714690



18387,969224414591740	56902,634983194038800



18411,796245072484450	56899,989036805010980



18424,793885538056200	56890,640026230445080



18415,309120873989740	56882,349394211494660



18319,292502495150980	56780,921449298759400



18431,117061980767180	56804,734966800009720



18454,828973640935150	56856,948308876824740



18464,665025885151410	56777,393520780053220



18443,236483495962600	56780,921449298759400



18414,430901923613420	56786,389738502752150



18415,484764664066460	56774,218385113221300



18428,833692709788010	56752,521624723194690



18407,756437900752640	56746,876939093272080



18417,416846354895820	56692,642547748648210



18373,742077418493860	56724,923093694793350



18452,896891950105780	56688,409033526208080



18546,866319640390430	56682,587951470341070



18570,578231300558400	56666,183083858370080



18555,999796724307090	56643,957134190539360



18546,339388270163910	56653,482541191035120



18550,906126812122240	56625,259113041407540



18477,487022560646440	56619,085238133673560



18463,962450724848170	56613,087759651883970



18478,189597720949680	56633,196952208490980



18370,053557826911860	56671,122183784558730



18558,810097365512780	56571,987392408984300



18532,639172644292560	56577,632078038906910



18514,899149846685760	56581,865592261354320



18512,088849205480070	56547,291892778055620



18553,716427453327920	56491,999122877823540



18577,428339113492260	56473,301101728699000



18593,060636430196610	56462,011730468846510



18551,608701972425480	56516,341829656885240



18585,332309666882790	56439,609384375078660



18567,240999289126190	56395,686674317214060



17873,629632868734920	57792,429205671833190



17950,501078129367670	57826,297319451390650



17940,489382095074690	57796,309927042406340



18069,938855380572930	57862,458586768101670



18056,765571124924460	57779,375870152631250



18167,009336499864730	57536,220906631424440



18141,425877941219370	57554,918927780556260



18125,266649254292130	57434,535876710244340



17798,102803136353030	57425,892451839419660



17675,152150083646120	57464,170476267354390



18072,046580861475380	57853,462369045410020



18242,009234862016460	57618,245244691286640



18221,985842793434130	57622,125966061859800



18243,063097602469500	57667,283451101269750



18250,967068155856400	57663,402729730696590



5648,620499644563097	56934,996217722691660



6053,945832346008501	56616,615688170582870



5988,079411067770706	57646,645069266851350



6073,793580624516835	57696,212464954638560



6084,332208029035428	57691,273365028457190



5814,428237475646710	57817,653894580565980



5989,660205178448450	57885,919311417485000



5630,880476846957208	57813,596776784055690



5622,800862503493590	57801,072630542657860



6009,156665876806983	58363,490105745651820



6122,210731892952026	58207,298580210495860



6143,990561862288814	58217,529572914732860



5994,051299930330970	57951,972263299758200



5920,983483259005880	57840,585429952137930



6258,861600571535746	56763,281806705243070



6548,437675613357896	57602,898755634923880



6489,421362148056687	57650,349394211494660



6794,454090716505562	56645,721098449888820



6706,105264308629558	56641,663980653378530



6737,194215151956996	57208,667762930686880



7081,219865117122936	56811,261634559610680



7071,383812872905764	56823,609384375078660



6852,065253861203928	56841,249026968594990



6929,990561862288814	57282,577865397528510



7191,990561862288814	58166,021816541659060



7534,435417716777010	57333,989913927187440



7567,807737831083614	58189,835334042909380



7742,688417953734642	56620,672805967093160



8138,353342201038686	56750,934056889775100



7952,346568511295118	57285,223811786556320



8051,058378533613904	57753,445595540157230



8135,367397769758100	58129,684152799010920



8167,510211353538580	58389,067587506251580



8182,966864880165304	58384,657676857874320



8309,018571361883005	57744,802170669332560



8396,489178819381778	57588,610645134176600



8430,915361674140513	57556,859288465842840



8450,702575160301422	57581,554788096771520



8407,379093804051081	57739,157485039409950



9152,805378296656272	58436,694622508752220



9347,709450487891445	58370,545962783056900



9355,613421041280162	58348,143616689289040



9509,768133935045626	58373,897494875825940



9560,880476846958118	58401,238940895782440



9462,053557826911856	58483,167571112222500



9641,852264071671016	57347,396042298256360



9662,929518880708201	57350,394781539158430



9649,931878415134634	57919,868113779557460



10367,606444075843683	57446,354437247900940



10249,985639517739401	57573,440552503750950



10200,102803136354851	57607,661459135175390



10180,079411067770707	57668,694622508752220



9920,538424128824772	57912,812256742145110



9944,777267159215626	57906,285588982544140



10589,384016148598680	58427,698404786060560



10641,901509381114010	58109,751356668333760



10604,840669675226310	58103,401085334669920



10671,409666113764620	58032,761826378075060



10634,173182617800190	56443,137312893777560



10596,058480171461270	56497,467412081816290



10654,196574686384340	56446,665241412483740



10720,765571124924460	56878,468672840921500



10736,046580861475380	57025,134791375574420



10664,032626930602420	57615,246505450391850



10649,981123724577630	57711,286849741649350



10663,856983140527520	57707,053335519201940



10730,601623369140720	58398,416598080817500



10729,547760628689500	58353,964698745148780



10720,414283544772840	58337,030641855373690



10968,538424128824770	58178,898755634923880



11170,819535503222140	57786,431727190036320



11159,227045358253240	57367,681631280807780



11391,894532415677530	57270,759304859871920



11731,704731419034940	56859,065065988048440



11866,714271194592580	57175,858027706744900



11933,283267633132710	57736,335142224445010



12180,880476846958120	58200,771912450887610



12091,889610071128120	57312,822342814964940



12402,658048919713110	56415,090281170087110



12437,962450724849990	56884,995340600522470



12413,547963904382410	57841,820204933690540



12391,592490144970720	57800,543441264853760



12557,224584185978530	58132,153702762101600



13236,784447400346840	56610,971002540660260



13377,123835670510740	57032,367044838916620



13533,737561625330270	57871,631200916737720



13548,491639991656480	58287,463246167586480



14044,212989789532000	57603,780737764602240



14182,795940158945090	57867,221290268353180



14656,210528617259120	56589,803431428437760



14954,920080742997020	58318,156224280304740



14808,433159820195220	58240,108315434437820



14870,084130136625390	58090,171353389530850



15506,847443364969880	58607,350654970592580



15201,814714796521000	58640,513183046408820



15277,105365946476010	56639,900016394029080



16138,280908098704460	57925,336402983550220



16147,765672762770920	57910,166310353117300



16353,910947518825200	56586,628295761605840



16208,889711708974570	57006,613166652379730



16216,266750892138590	57512,054596278307140



16618,545604369955980	57480,751740305262500



16616,613522679126620	57266,349394211494660



16643,311378770573360	57210,431727190036320



16407,131015911640130	56726,863454380079930



16816,144868204668460	56724,746697268856220



16792,959887914727000	56738,586307074314390



16868,601826644833640	56691,760565618977120



16890,908587984398760	56680,823987210991620



16776,098084067500170	56663,713533895279400



16748,873296605826910	56681,176780062865880



16789,095724533071920	57411,075152060861000



16776,625015437726690	57396,610645134176600



16781,894329139984620	57477,753001064360440



16608,006976965436480	57777,082716615470420



16540,971583949019990	57812,714794654384600
