X	Y

6062,769291051809887	48161,412196481069260



5991,796616648088275	48142,353250879088590



5982,837194879301933	48115,000134505884490



6029,742402962949200	48082,001152907570940



6079,458410032882966	48059,236301216318680



6049,769345740236531	48097,529434370735540



6015,688408031519430	48101,411812178550460



6089,120531548241160	48026,412561568467940



6071,728712820596229	48015,294843300645880



6117,472865813217140	47912,235359675134530



6157,878101241078184	47905,705906089271600



6252,918241964874142	47809,353577536239760



6325,647665735024020	47777,059253043997160



6340,755710286311114	47737,176644654675330



6313,526095106665707	47696,236435722203170



6481,540004002727074	47696,236435722203170



6361,378347339000356	47728,882473883444620



6288,580254103377228	47798,059387549881650



6433,580746299222483	47576,235667117151020



6448,864465787152767	47595,471084437667740



6421,986200480792832	47609,235878483545100



6459,053612112439623	47547,823720432723350



6509,472318928944332	47549,411965899555070



6485,404852608870897	47546,941361840043100



6518,958765507660246	47523,823566711718740



6411,445704282220504	47766,823893368862630



6479,783254636298807	47961,823912583982740



6088,944856611597970	48410,941976724076080



6124,675538215575216	48434,059771852400440



6056,972018142594606	48462,118775099756020



6055,566618649451812	48443,942188090462880



6181,945567561152530	48512,235513396146420



6180,364493131366544	48440,059810282655240



6357,513498732857442	48457,177566980724800



6543,553256637662344	48508,882550743946920



6465,553584768225846	48487,882416238062440



6397,391709350789824	48440,765697156799440



6558,836976125592628	48640,706924490958040



6553,918077899592390	48529,176798375679940



6615,404305724598089	48534,823893368862630



6724,215760972011594	48547,176913666437030



6698,742895158794454	48574,530030039648410



6702,607743764937368	48483,294151556103320



6750,215651595156487	48523,706175101040570



6589,931439911381858	48524,235590256648720



6586,242266241881225	48511,000211366386800



6536,877609045232930	48395,765408929910340



6565,863973591307513	48352,529837888389010



6635,851267840645050	48386,588879565992100



6696,634795919079806	48286,177701486609300



6565,512623718022042	48316,000192151259400



6700,850994398509102	48009,118333151855040



6718,769837936081786	47979,471084437667740



6560,945075365307275	47950,000307442016490



6499,985872350229328	47660,942092014833180



6654,999835934718248	47450,941976724076080



6631,986419234501227	47452,530222190907800



6623,026997465714885	47471,059752637273050



6611,539457118455175	47431,000672529415170



6820,836976125592628	47346,647191068812390



6833,309896627236412	47358,117852773706540



6933,864629852434518	47272,883242488489480



6633,918843537573594	47615,059445195256560



6507,891244499158347	47573,059176183494860



6820,134276379020776	48241,353884978256240



6793,080336136018559	48340,000345872271280



6821,891025745449952	48407,236070634804490



6816,796452582806524	48384,824162380624330



6772,877718422088037	48541,882762110333720



6763,742621716658504	48594,294862515773280



6768,134495132730080	48559,529933964018710



6784,647939177159970	48642,471641676325820



6760,404797920443343	48620,059733422152930



6909,445813659074702	48670,882358592687520



6617,581074429785986	48660,824700404155010



6632,864793917716270	48679,353001082454280



6957,756421235865673	48840,648151825116660



6940,891627318149404	48804,824392962138520



6910,148513405646554	48857,589436804650180



6933,161930105862666	48848,942322596347360



6985,688736162082932	48819,295073882160070



7029,607470322801418	48780,118352366982440



7013,621051088299282	48812,236205140688980



7027,850720956372242	48752,059349119626860



7099,701770043308898	48748,000499593283160



6935,972729092149166	48782,588956426501680



6912,607962518646673	48803,236147495306800



6873,363782181811984	48796,530222190907800



6868,093534082526276	48763,530010824521020



6848,066591305238034	48749,941688497186990



6901,891791383431155	48761,941765357689290



6936,499753902077828	48764,941784572816680



6922,972783780575810	48770,941823003071480



6943,351076431149522	48746,765197563523540



6979,891463252867652	48752,059349119626860



6964,783418701580558	48729,470969146910640



6947,918624783864288	48724,529761027879430



6994,648157930869274	48717,823835723480440



7074,228904230091757	48710,941438700545400



7114,458464721310520	48718,000307442016490



7115,863864214453315	48692,764851691252260



7101,458519409737164	48729,118025709838550



7018,891299187585900	48694,000153721011880



6989,202234894940375	48662,942361026602160



7023,107497667015196	48637,001018401686450



7070,012705750662462	48662,589417589530060



7071,945130053733920	48648,648151825116660



7057,188435375733206	48642,295169957789760



7077,391053089663728	48469,354115559770440



7020,823723490657358	48393,294804870391090



6891,175620248215637	48212,941938293821300



7152,999945311572446	47337,294189986358100



7232,580691610794929	47252,059579701141040



7191,999781246290695	47223,118217861097940



7222,742895158794454	47210,941669282059600



7280,539949314300430	47201,765139918141360



7287,039921970086652	47236,883011906975300



7124,296261173310995	47411,412311771826360



7124,296261173310995	47440,706617048941560



7099,701770043308898	47435,765408929910340



7091,796397894378970	47421,294728009888780



7105,499042952523268	47400,647536941076400



7091,093698147808027	47368,529684167377120



7114,107114848024139	47364,823778078105540



7104,093643459380474	47331,823566711718740



7133,255682942097337	47339,764794045870080



7145,094573162643428	47306,942284166092580



7257,175182740797936	47428,883011906975300



7279,837249567728577	47407,353462245482660



7263,499480459940969	47973,471046007420220



7053,674936642874854	48228,294977806530370



7139,755655597884470	48353,059253043997160



7220,459120982436616	48462,471718536835400



7199,026778712006490	48484,000038430254790



7199,202453648648770	48454,706962921212840



7193,053830866148018	48432,471526385568720



7186,026833400433134	48408,118429227484740



7256,648157930869274	48376,000576453785470



7269,648103242441721	48406,000768605044870



7288,972346273158110	48362,412254126451440



7175,486337201860806	48671,235302029759620



7157,567493664287212	48717,294420567872300



7453,297081499719752	49017,648055749486960



7417,108044551287094	48804,824392962138520



7396,309732561954661	48788,236051419677100



7435,905262772074820	48764,941784572816680



7421,148568094073198	48752,059349119626860



7381,904387757239420	48765,824143165496940



7340,620777646163333	48772,353596751359880



7323,755983728447972	48753,471122867922530



7378,742238897667448	48713,412042760057380



7375,931439911381858	48798,647882813347680



7359,242320930308779	48616,883242488489480



7382,255737630524891	48583,353615966487270



7300,566892091587760	48561,471122867922530



7437,310662265217616	48559,706405682554760



7436,256612645360292	48514,000230581514190



7449,432232893575929	48502,529568876620040



7438,189036948432658	48498,294247631733020



7371,890916368595754	48467,236454937323290



7346,945075365307275	48473,412965086114120



7292,661519942658742	48479,589475234904960



7136,066481928383837	48534,823893368862630



7307,066864747373984	48380,235897698665210



7385,944911300025524	48361,706367252299970



7529,012979192798412	48419,059675776770740



7403,054049619857324	48328,882627604449220



7425,189091636859302	48314,764890121507050



7394,025958385597732	48313,529588091747430



7380,498988264096624	48302,411869823925370



7348,526149795093261	48295,000057645374910



7332,715405497234314	48284,060040864169420



7305,485790317588908	48232,177355614338010



7326,918132588019034	48221,765524220667430



7524,094080966798174	48326,941438700545400



7487,905044018366425	48283,530625708561280



7486,499644525222720	48217,883146412859780



7563,093916901516422	48392,059502840638740



7237,675264773438357	48404,941938293821300



7241,891463252867652	48383,059445195256560



7566,958765507660246	48939,118141000595640



7353,269373084450308	47245,883069552350200



7327,269482461305415	47203,529857103509130



7305,661465254231188	47183,765024627384260



7365,917968522737283	47211,824027874739840



7371,715241431952564	47263,706713124571250



7396,661082435241042	47177,588514478600700



7533,229177672227706	47032,177048172321520



7504,945512872724976	47048,588917996246890



7525,850830333227350	47011,882800540588500



7471,742949847221098	47002,353327739598170



7700,716061758361320	46883,765562650922220



7783,810306790441246	47035,353539105984960



7762,553639456653400	46989,117948849336240



7784,688681473655379	46995,470930716663140



7623,174745233380236	47269,706751554826040



7713,013307323361914	47730,294247631733020



7728,648376684577670	47761,353270094215980



7755,526641990937606	47758,529722597631920



7710,026833400433134	47800,706463327929670



7703,175510871361439	47903,060060079296820



7687,891791383431155	47877,824604328525310



7613,688298654664322	47879,765793232429130



7774,499535148368522	47885,765831662683920



7734,796999467078422	47886,471718536835400



7749,202344271794572	47924,941323409788310



7681,567493664287212	47910,470642489766760



7743,053721489293821	47962,000384302526070



7688,418816193359816	48023,589014071876590



7698,783637455288954	48092,412984301241520



7715,472756436362033	48078,824661973907500



7664,527024809928662	48086,589417589530060



7636,350365481595872	48094,705886874144200



7641,444938644239300	48042,118544518241840



7670,675647592429414	48041,589129362633680



7659,539457118455175	48009,647748307470460



7623,350420170022516	48010,883050337222810



7588,566782714733563	47999,765332069408030



7713,364657196648295	47990,235859268417700



7363,634194346380354	47892,648228685618960



7755,526641990937606	48168,647536941076400



7627,039593839523150	48212,588994856749200



7585,931658665090254	48167,941650066932200



7646,363836870239538	48262,354019484140740



7623,701770043308898	48269,236416507075780



7601,742402962949200	48284,942399456849670



7582,593834868876002	48272,589379159275270



7601,918077899592390	48234,647959673857260



7624,404469789879840	48346,706271176670270



7726,188927571577551	48383,765332069408030



7720,040304789076800	48349,176875236189520



7682,445868347502256	48334,706194316167960



7695,972838469003364	48321,470815425906040



7655,498933575669070	48695,411927469300280



7586,985708284947578	48859,354153990017950



7787,323805523298688	48961,530049254775800



7790,837304256156130	48792,294900946028060



7773,094135655225728	47925,294266846860410



7843,539785249018678	47635,177221108453520



7854,431631320876477	47620,706540188439250



7832,472264240517688	47613,647671446960880



7837,918187276446588	47593,882838970836020



7873,228849541664204	47609,588821920617200



8023,499589836796076	47765,059176183494860



8032,986036415511080	47743,882569959074320



8054,769728559227588	47812,706540188439250



8041,067083501083289	47806,706501758184460



8020,513115913867296	47816,059502840638740



7817,188544752587404	47808,824162380624330



7831,945239430589026	47820,471295804054540



7855,485680940733800	47810,059464410383960



7958,675538215575216	47859,295073882160070



7833,174963987088632	47882,589340729020480



8050,904879953084674	47869,530433557294600



8019,283391357366782	48146,412100405439560



8035,269810591868008	48143,941496345920320



8051,431904763013336	48115,882493098564740



7827,729040951159732	48162,471026792292830



7948,837741763573831	48318,294324492242600



7948,310716953645170	48306,294247631733020



7985,729478458577432	48403,530164545532900



7908,890861680168200	48473,589436804650180



7969,040359477504353	48496,353058727829200



7948,310716953645170	48501,294266846860410



7936,364821261930046	48503,588399187843600



7999,256448580079450	48451,354000269013340



7904,498988264096624	48439,000979971431660



8036,323860211725332	48565,353500675730180



8011,905044018366425	48540,470988362038040



7881,661246500522793	48562,177009742066730



7856,539730560591124	48553,529895533763920



8031,931986795653756	48596,059579701141040



8058,107552355441840	48573,824143165496940



8019,283391357366782	48622,177394044592800



7845,823559425375606	48665,942380241729550



7920,661082435241042	48718,529722597631920



7944,621543284144536	48757,706444112802280



7928,635124049643310	48777,294804870391090



7853,377581701019153	48714,823816508353050



7886,228794853237560	48885,294266846860410



7907,134112313739024	48926,588648984477920



7822,107442978587642	48967,000672529415170



8006,283446045794335	48890,941361840043100



8016,823942244366662	48916,529761027879430



8008,391545285508073	48979,530164545532900



8024,202289583367019	48982,883127197732390



7875,863973591307513	49035,648171040244050



8273,905044018365516	49005,647978888984660



8239,121406563077471	48910,529722597631920



8157,012541685380711	48880,176587009293140



8174,580035349668833	48847,530548848051700



8146,823395360093855	48800,412599998715450



8142,255847007379088	48722,235628686903510



8189,405399493142795	48704,235513396146420



8114,674881954448210	48658,707039781715140



8122,404579166734948	48519,470853856153560



8076,904770576229566	48536,765082272766450



8074,796671336514919	48576,471218943552230



8237,188982260004196	48516,294362922490110



8241,405180739433490	48498,823662787348440



8300,431959451439980	48520,706155885913180



8091,310115380945718	48452,942245735845060



8171,066536616811390	48412,353750472371760



8260,378073896865317	48473,589436804650180



8284,796890090225134	48458,412869010484430



8209,080992397144655	48418,353788902626540



8146,296370550165193	48366,471103652795140



8314,134604509585188	48396,471295804054540



8313,607579699655616	48373,529972394266220



8195,905372148929018	48473,765908523186220



8201,702645058143389	48323,764947766881960



8106,066810058947340	48049,000941541184140



8107,647884488733326	48003,118294721607520



8156,661191812095240	47945,059099322985280



8082,702043485444846	47829,647825167972770



8234,729533147004986	47724,647152638557600



8270,742895158793544	47570,235628686903510



8497,783582766862310	47260,883165627979900



8343,647993865586614	47390,588648984477920



8531,864520475579411	47527,705944519526380



8545,918515407009181	47543,764870906379660



8562,958984261369551	47483,236301216318680



8525,188872883150907	47459,589090932378900



8333,107497667015196	47568,117968064463640



8361,918187276445678	47570,412100405439560



8370,350584235304268	47632,353673611869460



8414,444993332666854	47707,354153990017950



8422,526040418239063	47692,530529632924300



8380,012705750663372	47694,118775099756020



8431,485462187025405	47743,176683084922840



8478,986364546073674	47763,117987279583760



8511,310552888364328	47794,882896616218200



8552,769837936082695	47792,941707712314380



8570,513006537012188	47794,882896616218200



8507,270029345578223	47745,823758862978140



8582,458902228727311	47775,471007577165440



8563,134659198010922	47748,823778078105540



8415,499042952524178	47774,059233828869760



8419,539566495310282	47802,471180513297440



8394,418050555377704	47785,706367252299970



8383,526204483519905	47749,353193233713680



8370,350584235304268	47734,000153721011880



8405,134221690594132	47831,765485790412640



8416,553092572381502	47832,647844383100160



8449,931330534527660	47872,530452772422000



8482,148513405645644	47881,530510417804180



8456,851322529071694	47942,412023544937260



8451,405399493143704	47964,294516643502000



8393,188325998879008	47954,765043842511660



8401,445048021092589	47923,176606224420540



8382,823504736948962	47907,294151556103320



8360,688462719946984	47972,235743977660600



8373,512733094876239	47935,353154803458890



8538,540168068009734	47975,412234911324050



8560,499535148368522	47962,176856021062120



8566,823832867512465	47940,823778078105540



8569,634631853798055	47984,059349119626860



8430,431412567168082	47954,412100405439560



8395,120750301950466	48010,353635181614660



8450,175674936643190	48028,000807035299660



8353,837140190873470	48020,412523138213140



8352,607415634374774	48000,118275506480130



8403,904497134093617	48244,883319348991790



8419,012541685380711	48224,236128280179400



8574,202180206513731	48130,529645737122340



8570,513006537012188	48143,941496345920320



8560,499535148368522	48141,294420567872300



8492,864684540862072	48278,942361026602160



8437,634084969526157	48261,295189172917160



8574,904879953084674	48321,647287144442090



8400,215323464593894	48278,942361026602160



8387,039703216378257	48263,236378076820980



8390,377527012591600	48389,412427062583440



8415,850392825808740	48333,470892286408340



8475,999890623144892	48292,529453585862940



8501,824106309648414	48301,176567794165750



8334,512897160158900	48398,941899863573780



8342,418269309087918	48410,589033287003980



8343,120969055658861	48360,294593504004300



8335,742621716657595	48374,941746142561900



8321,864301721871016	48339,117987279583760



8286,202289583367019	48357,823989444492320



8491,107935174431986	48409,530202975780410



8445,363782181811984	48431,412696074352420



8449,404305724598089	48409,530202975780410



8421,999015608309492	48426,471487955321210



8444,134057625311470	48525,647364004944400



8353,134440444302527	48522,294401352744900



8370,350584235304268	48498,470719350269060



8349,445266774802804	48508,706079025410870



8325,026450581442986	48535,882723680078920



8360,512787783303793	48550,353404600100480



8291,121187809367256	48499,706021380028680



8407,593670803593340	48578,412407847456050



8489,351185808003720	48560,412292556698960



8382,120804990378020	48600,647844383100160



8335,918296653300786	48617,059714207025540



8309,040031346941760	48573,471199728424840



8289,013088569652610	48625,706828415328340



8363,323586769589383	48571,353539105984960



8532,391545285508982	48699,647248714187300



8571,742731093512702	48708,294362922490110



8561,553584768225846	48722,765043842511660



8542,229341737509458	48754,177009742066730



8572,269755903440455	48814,883280918737000



8510,607853141791566	48840,824623543652700



8509,378128585291052	48822,648036534359560



8395,120750301950466	48863,411773748295680



8311,675155396584160	48995,236147495306800



8144,012596373808264	49026,295169957789760



8425,688189277811034	48925,529818673261620



8594,580472857085624	48774,471257373807020



8587,729150328013930	48753,294651149386480



8712,351349873286381	48733,176875236189520



8725,175620248215637	48645,824604328525310



8578,418378685941206	48649,001095262188760



8647,809978659877743	48641,942226520717670



8731,148568094073198	48602,059618131395840



8729,567493664288122	48590,236012989422300



8658,350474858450980	48516,294362922490110



8653,607251569092114	48450,648113394861860



8704,025958385596823	48478,354173205145340



8639,553256637662344	48376,529991609393620



8614,958765507659336	48340,353289309343380



8593,877773110514682	48334,000307442016490



8707,363782181811984	48110,411869823925370



8651,147802456092904	48110,411869823925370



8671,350420170023426	48097,705906089271600



8706,661082435241042	48089,412965086114120



8739,756639989574978	48084,295285248546860



8721,486446578715914	47958,294478213247200



8696,823285983240566	47955,647402435199180



8661,161273844736570	47922,647191068812390



8630,242484995589620	47913,470661704894160



8679,607142192238826	47892,471756967082910



8657,823450048521408	47901,295342893929040



8706,309732561954661	47848,353827332874060



8595,810197413586138	47811,118294721607520



8727,810744297858036	47561,764986197136750



8762,418706816504710	47611,530010824521020



8712,351349873286381	47551,882569959074320



8716,216198479429295	47513,589436804650180



8694,890861680167290	47455,883184843107300



8680,134167002166578	47462,059694991898140



8597,742621716657595	47474,412715289472540



8640,782981194162858	47346,470719350269060



8710,174581168097575	47168,235513396146420



8688,390889024381977	47125,354115559770440



8681,890916368594844	47158,706040595156080



8965,323258639025880	47248,000730174790080



8985,770220755071932	47263,000826250427060



8972,174581168097575	47347,529549661492640



8884,512787783303793	47374,706194316167960



8957,066536616810481	47403,824027874739840



8946,701715354882254	47416,177048172321520



8786,837523009864526	47318,412945870986730



8823,202234894939466	47290,883357779246580



8880,823614113804070	47255,765485790412640



8946,350365481595872	47438,412484707965630



8799,661793384795601	47597,059329904499460



8978,216198479429295	47674,706886060710530



8956,012486996953158	47688,295208388044560



8906,296479927019390	47688,648151825116660



8902,782981194162858	47672,059810282655240



8892,066810058946430	47656,530299051410110



8957,242211553453672	47659,000903110929360



8931,769345740236531	47653,883223273362090



8952,850338137381186	47637,471353449436720



8964,269209019168556	47616,471218943552230



8878,364165000803041	47726,764813260997470



8832,864356410298569	47741,588437618091120



8848,323750834872044	47781,294574288876900



8812,134713886438476	47787,471084437667740



8795,445594905366306	47768,941553991302500



8946,350365481595872	47792,059349119626860



8939,147693079237797	47998,706501758184460



8985,243195945144180	48104,235359675134530



8952,674663200739815	48079,707020566587740



8912,796452582806524	48115,176606224420540



8886,620887023018440	48113,058945601980670



8865,891244499158347	48117,647210283932510



8860,620996399871728	48132,470834641026160



8896,810033348305296	48095,411773748295680



8801,594217687867058	47982,118160215723040



8895,053283981875211	48045,471507170441330



8810,202289583367019	48150,470949931783250



8846,391326531798768	48245,765677941679320



8826,540058691154627	48230,942053584578390



8815,999562492581390	48216,118429227484740



8802,823942244365753	48223,177297968963100



8803,702316927581706	48209,941919078701180



8797,378019208437763	48243,295073882160070



8797,026669335151382	48268,530529632924300



8964,971908765739500	48199,530087685023320



8989,283719487930284	48232,883242488489480



8927,201797387522674	48309,294266846860410



8936,161219156309016	48364,000499593283160



8960,053010539739262	48346,000384302526070



8836,377855143155102	48323,588476048345910



8817,229287049081904	48313,353116373211380



8781,567274910577908	48326,588495263473300



8879,593889557303555	48392,588917996246890



8873,093916901516422	48386,765351284528150



8783,148349340364802	48456,295208388044560



8891,539785249018678	48473,589436804650180



8908,755929040020419	48447,648094179741740



8984,364821261930046	48456,295208388044560



8890,134385755874974	48551,412234911324050



8885,918187276445678	48537,823912583982740



8953,728712820597138	48538,706271176670270



8784,202398960222126	48512,941400270290620



8811,256339203224343	48578,941823003071480



8869,053393358730318	48595,000749389917480



8897,512733094876239	48575,588860350864700



8982,081047085572208	48613,000864680674560



8784,202398960222126	48652,707001351460350



8986,297245565001504	48718,529722597631920



8856,756147793728814	48745,000480378155770



8697,525985729811510	48810,824431392393310



8988,053994931429770	48785,941919078701180



9067,810416167294534	48723,117987279583760



9050,067247566365040	48730,529799458134220



9057,796944778650868	48640,883396209494100



9066,580691610795838	48466,177624626106990



9000,878265306359026	48520,882627604449220



9117,877773110514682	48305,235417320516720



9194,296370550166102	48283,354153990017950



9195,174745233380236	48319,176683084922840



9048,134823263293584	48208,353673611869460



9098,202180206513731	48157,000403517646190



9084,850885021654904	48164,412215696196660



9077,648212619296828	48154,000384302526070



9073,256339203224343	48164,059272259124560



9086,431959451439980	48137,235571041521320



8987,351295184858828	48144,647383220071790



9033,378128585291052	48140,059118538112670



9175,323477392734276	48091,354153990017950



9166,891080433877505	48077,412888225611820



9159,337058158233048	48091,883569145633380



9158,283008538375725	48053,765677941679320



9012,121461251503206	48011,941880648446380



9057,269919968723116	47993,765293639153240



9086,431959451439980	47862,648036534359560



9034,607853141791566	47800,353519890857570



9019,148458717218091	47800,529991609393620



9079,053612112438714	47716,000038430254790



9061,661793384795601	47720,058887956598480



9101,188654129442512	47678,942207305590280



9025,297081499718842	47548,706079025410870



9076,418488062796314	47529,823605141966260



9112,080500201300310	47508,648228685618960



9127,188544752587404	47489,412811365109520



9011,770111378218644	47509,530587278306480



8993,324243030716388	47501,236416507075780



9016,337659730932500	47446,177240323580920



9102,067028812656644	47394,118083355220740



9102,242703749299835	47372,765005412264140



9116,472373617370976	47348,764851691252260



9039,351076431150432	47365,353193233713680



9028,986255169220385	47295,118679024126320



9076,594162999439504	47291,589244653390780



9162,499207017805020	47322,118851960265600



9014,405235427861044	47251,530164545532900



9016,864684540862072	47225,941765357689290



9086,783309324726360	47084,412676859225030



9190,782871817307750	47219,412311771826360



9449,093698147808027	46596,294362922490110



9445,404524478306485	46568,764774830749960



9310,134823263293583	46636,353443030355260



9386,202070829658624	46793,412042760057380



9447,688298654664322	46849,000634099160380



9437,499152329377466	46882,530260621162600



9418,174909298661078	46897,706828415328340



9426,782981194162858	46827,647556156203790



9268,324188342288835	46937,589436804650180



9165,837030814020182	47009,059253043997160



9348,783309324726361	47291,059829497782630



9372,148075898228853	47331,823566711718740



9383,039921970086652	47326,000000000000000



9355,985981727084436	47274,824431392393310



9330,161766040580915	47263,000826250427060



9374,607525011228063	47267,589090932378900



9355,985981727084436	47259,118448442612140



9280,270084034003958	47345,764832476124860



9254,094518474215874	47408,765235993771060



9239,162148859571971	47402,588725844987500



9259,716116446788874	47391,823951014237540



9241,797272909214371	47382,294478213247200



9353,702207550726598	47451,647863598227560



9380,580472857085624	47493,295189172917160



9394,458792851874023	47455,000826250427060



9399,377691077874260	47405,765216778650940



9387,080445512872757	47410,529953179146100



9443,999124985164599	47462,059694991898140



9431,350529546876714	47458,353788902626540



9337,013088569652609	47480,942168875335480



9254,094518474215874	47474,236243570936500



9211,688189277811034	47486,942207305590280



9254,621543284145446	47518,352943437072100



9274,121461251503206	47490,295169957789760



9282,202508337075415	47519,235302029759620



9211,512514341167844	47599,176990526939340



9386,026395893015433	47594,059310689372070



9428,715405497234315	47526,470642489766760



9406,053338670302765	47550,117852773706540



9376,539949314299520	47546,764890121507050



9446,634249034806999	47500,177586195852200



9029,688954915791328	47676,118659808998920



8959,701660666454700	47734,706040595156080



9358,796780713370026	47928,647229499059900



9241,797272909214371	48021,824296886508820



9412,904661199376278	47930,764890121507050



9289,756530612719871	47999,941803787944080



9278,337659730932501	48022,177240323580920



9307,499699213649365	48055,177451689967710



9319,445594905366306	48049,000941541184140



9371,445376151656092	48068,412830580229640



9378,121023744086415	48044,412676859225030



9259,364766573502493	48095,588245466831720



9229,431357878740528	48056,059810282655240



9215,201688010667567	48040,883242488489480



9289,053830866148928	48094,882358592687520



9301,702426304434994	48077,412888225611820



9290,634905295934004	48073,354038699260860



9426,958656130806048	48145,529741812752040



9411,674936642875764	48157,176875236189520



9315,229396425937011	48197,059483625511350



9449,445048021092589	48164,941630851804800



9439,958601442378495	48186,294708794761390



9316,810470855722087	48285,648286331001140



9314,351021742722878	48232,000883895801960



9289,756530612719871	48230,765581866042340



9347,729259704869037	48215,589014071876590



9445,755874351592865	48239,942111229960580



9447,863973591307513	48260,589302298772960



9356,688681473655379	48345,823912583982740



9283,607907830219119	48329,059099322985280



9243,378347339001266	48319,000211366386800



9212,215214087738786	48292,529453585862940



9218,012486996953158	48268,001114477316150



9241,445923035929809	48260,589302298772960



9244,608071895501780	48279,118832745138200



9247,594545818430561	48243,118602163624020



9253,391818727644932	48228,294977806530370



9275,878210617933291	48368,059349119626860



9265,513389356003245	48393,647748307470460



9330,864465787151858	48362,765197563523540



9353,877882487369789	48370,529953179146100



9064,648267307724382	48433,353884978256240



9114,539949314299520	48442,530414342167200



9287,297081499718843	48484,176510148790840



9306,269974657150669	48441,824527468023000



9218,188161933596348	48520,353212448841080



9485,809759906169347	48250,706886060710530



9474,390889024381977	48266,765812447556520



9522,243141256716626	48222,824354531891000



9542,797108843933529	48219,824335316763610



9529,621488595717892	48197,941842218191600



9450,674772577593103	48213,824296886508820



9540,161984794289310	48163,882800540588500



9557,553803521934242	48174,471103652795140



9478,958437377095834	48157,353346954725560



9480,012486996953157	48131,412004329809860



9528,040414165930997	48111,470700135148940



9525,932314926216350	48081,118794314883420



9469,823340671666301	48070,354019484140740



9471,931439911380949	48025,000787820172260



9456,296370550166102	48017,941919078701180



9565,634850607506451	48084,824700404155010



9596,553639456653400	48058,883357779246580



9635,026450581442987	48038,589110147506290



9545,607907830219119	47930,235474965891620



9476,323313327453434	47856,295054667032680



9521,716116446788874	47313,295266033419460



9503,445923035929809	47319,824719619282400



9507,837796452000475	47291,412772934854730



9488,093534082525366	47240,765389714782940



9458,053119916594369	47249,765447360165120



9521,013416700216112	47224,000576453785470



9493,012432308525604	47180,059118538112670



9489,850283448955452	47060,941938293821300



9554,567329599005461	47051,765408929910340



9575,121297186222364	47061,647825167972770



9659,620941711445994	47075,412619213842840



9570,729423770149879	46987,529703382504520



9551,932205549363061	46878,647882813347680



9467,890916368594844	46702,706809200200950



9469,647665735024930	46684,883165627979900



9358,445430840083645	46488,647844383100160



9788,810689609432302	46591,529626521994940



9827,634850607506451	46640,235820838162910



9491,431357878740528	46559,058830311223580



9732,526040418239063	47493,118717454381110



9704,769400428664085	47615,941803787944080



9710,039648527950703	47590,706348037172580



9782,135042017001979	47555,588476048345910



9807,607907830219119	47554,000230581514190



9809,364657196647386	47631,471315019181930



9798,297136188146396	47637,647825167972770



9801,634959984361558	47662,883280918737000



9816,391654662362271	47653,883223273362090



9841,864520475579411	47565,117948849336240



9762,986473922928781	47678,942207305590280



9737,269263707596110	47690,765812447556520



9785,121515939930759	47673,471584030950910



9681,931658665091163	48044,765620296297130



9837,472647059508745	47969,059253043997160



9805,324133653861281	48114,294247631733020



9768,432396958858590	48170,412254126451440



9695,634303723234552	48099,117679837567260



9672,972236896303002	48246,648036534359560



9766,324297719143942	48260,942245735845060



9759,931330534527660	48294,117699052694660



9736,039539151095596	48262,177547765604680



9709,161273844736570	48203,765408929910340



9789,513389356003245	48278,765889308066100



9762,635124049642400	48287,764717185367770



9826,932150860935508	48293,058868741471090



9807,607907830219119	48288,647075778055300



9824,999726557864051	48282,824738834409800



9814,810580232577195	48249,824527468023000



9852,053666800866267	48346,353327739598170



9743,593561426740052	48413,941995939203480



9699,674827266020657	48421,000864680674560



9354,580582233940731	48456,471680106580600



9821,310552888364327	48429,118563733369230



9889,999453115728102	48303,823643572221040



9928,647939177160879	48240,295054667032680



9927,769564493946746	48268,883473070003680



9956,228904230090848	48065,059867928030140



9947,269482461304506	47945,588514478600700



9920,566892091588670	47950,882666034704020



9976,782871817307750	47945,235571041521320



9937,783035882590411	47923,706021380028680



10040,797218220786817	47903,235302029759620



10023,932424303071457	47937,823758862978140



9963,255901695807552	47847,118525303121720



9993,999015608309492	47831,941957508948690



9992,242266241881225	47808,824162380624330



10019,823231294813013	47832,471372664564120



9951,310006004090610	47785,706367252299970



9928,647939177160879	47746,706117455658380



9950,782981194162858	47742,117852773706540



9949,377581701019153	47686,001076047061360



9969,228849541665113	47707,354153990017950



9959,215378153021447	47637,647825167972770



9961,850502202663847	47619,647709877215680



9964,309951315663056	47659,530318266537500



10053,797163532361083	47554,176702300050240



10069,432232893575929	47585,412196481069260



10050,107989862859540	47581,000403517646190



9996,985489531238272	47524,352981867326890



9949,728931574305534	47537,941304194660920



9987,499042952524178	47493,471660891453210



9988,728767509022873	47434,177163463078620



9983,458519409738074	47410,177009742066730



9975,728822197450427	47389,353346954725560



9959,215378153021447	47443,706636264068950



10050,283664799502731	47270,589110147506290



10002,255737630524891	47085,471507170441330



9952,539730560591124	47089,530356696792300



10028,324297719143942	47060,588994856749200



10036,229669868072961	46894,706809200200950



10053,972838469002454	46879,000826250427060



10064,161984794289310	46866,647805952845380



9953,769455117091638	46800,823854938607840



9962,904551822521171	46824,647536941076400



9989,607142192238825	46829,588745060114890



10002,255737630524891	46796,235590256648720



10071,891682006576957	46801,882685249831410



10050,283664799502731	46766,588341542461420



10198,201961452803516	46745,060021649042030



10130,040086035367494	46682,059618131395840



10118,796890090225133	46844,765312854280640



10088,405126051007755	46859,588937211374280



10065,040359477505262	46841,941765357689290



10091,040250100650155	46839,471161298177320



10116,161766040580915	46950,470642489766760



10009,458410032882966	46921,001095262188760



10214,539730560591124	46831,529933964018710



10207,864082968162620	46775,235455750764230



10051,162039482716864	46752,823547496591340



10250,553092572381502	47077,706751554826040



10211,553256637662344	47213,235801623035520



10133,729259704869037	47255,059598916268440



10243,350420170023426	47329,000019215127400



10153,580527545513178	47358,823739647850740



10163,769673870800034	47398,706348037172580



10139,702207550726598	47407,000518808403280



10219,809978659877743	47291,412772934854730



10111,242867814580677	47909,764755615622560



10084,013252634935270	47875,354000269013340



10053,621488595717892	47820,294824085518480



10176,418269309087918	48329,235571041521320



10380,972565026866505	46889,059714207025540



10385,715788316225371	46930,707039781715140



10359,013197946507717	46924,530529632924300



10563,216143791001740	46923,824642758780100



10489,715350808806761	46855,177144247951220



10330,905208083648176	46614,823893368862630



10247,215268776166340	46534,706962921212840



10323,175510871360530	46496,412599998715450



10566,729642523860090	46538,412869010484430



10556,364821261930047	46625,588668199605310



10543,471881421526632	46635,118141000595640



10517,120640925095358	46622,588648984477920



10459,147911832946193	46630,529876318636520



10491,472100175235028	46402,529645737122340



10577,445813659074700	46423,882723680078920



10369,553694145080954	46442,412254126451440



10379,040140723795048	46471,706559403559370



10334,770056689791090	46489,530202975780410



10676,526477925655850	46775,588399187843600



10626,459120982437530	46790,412023544937260



10677,580527545513180	46823,235763192788000



10683,026450581442990	46811,059214613742370



10703,931768041944450	46867,883107982605000



10690,053448047157870	46898,236243570936500



10620,310498199936770	46948,882397022935040



10595,188982260004200	46965,470738565396460



10730,985708284948490	46812,118044924965940



10698,134495132730080	46967,411927469300280



10699,364219689230590	46956,470680920021550



10664,229232360654350	46929,118794314883420



10667,918406030155890	46967,941342624915700



10684,783199947871250	46972,353135588338780



10659,661684007940490	46982,412023544937260



10618,729423770149880	46991,765024627384260



10605,378128585291050	47005,000403517646190



10901,986091103937720	47575,353308524470780



10921,661684007940490	47572,353289309343380



10987,012760439089110	47360,235513396146420



11012,485626252306250	47349,647210283932510



11001,593780180448450	47354,411946684427680



11026,715296120379210	47346,647191068812390



11015,296425238593660	47426,235936128920000



10935,364329066083880	46922,589340729020480



10957,675046019729050	46913,236339646566200



10956,796671336514920	46931,765870092938710



11015,120750301950470	46905,824527468023000



10968,566892091588670	46708,706847630455740



10926,404907297297540	46668,294824085518480



10841,729587835432540	46708,706847630455740



10824,162094171144420	46625,765139918141360



10992,458683475018920	46650,118237076225340



11021,972072831022160	46636,353443030355260



10784,390889024381980	46717,883376994366700



10867,378128585291050	46625,765139918141360



10908,310388823081670	46634,765197563523540



11052,363836870239540	46323,118602163624020



11019,863973591307510	46232,765082272766450



11172,769837936082700	46358,060002433914640



11031,458519409738070	46401,470815425906040



11135,878101241078180	46504,000883895801960



11098,986364546073670	46524,648074964614350



11138,513225290720580	46576,529530446365240



11194,377855143155100	46571,588322327334020



11152,391545285508980	46546,883511500251190



11102,851213152218410	46628,059272259124560



11108,121461251503210	46645,000557238658080



11111,986309857647940	46595,588476048345910



11093,891791383430250	46595,235532611273810



11096,351240496431270	46670,236012989422300



11150,107771109151140	46662,824200810879120



11242,864137656590170	46598,412023544937260



11129,553803521934240	46720,883396209494100



11054,823285983240570	46685,941995939203480



11048,674663200739820	46704,118582948496620



11095,472865813217140	46977,470815425906040



11045,688189277811030	46966,353097158083980



11175,931986795654670	46983,647325574689600



11079,662121515357280	47399,588706629860100



11080,891846071857800	47332,882397022935040



11200,350802989012660	47493,295189172917160



11056,228685476382450	47446,353712042116960



11081,067521008500990	47501,059944788539720



11042,701715354882250	47537,764832476124860



11052,539511806882730	47558,764966982009360



11181,377909831582660	47568,823854938607840



11177,513061225439740	47537,764832476124860



11224,769619182372480	47534,235398105389320



11223,539894625873780	47605,353500675730180



11416,148294651937250	47637,294881730900670



11405,959148326650390	47645,589052502131380



11425,986091103937720	47628,294824085518480



11490,107442978587640	47561,764986197136750



11409,296972122865550	47544,117814343451760



11427,215815660438240	47511,471776182210300



11403,851049086935750	47513,589436804650180



11323,850283448955450	47493,295189172917160



11420,364493131366540	47485,001018401686450



11393,310552888364330	47519,058830311223580



11479,742621716657600	47371,000288226889100



11250,945184742162380	47342,411869823925370



11276,418050555377700	47318,412945870986730



11370,999835934719160	47009,941611636677410



11288,363946247094650	47031,118217861097940



11500,647939177160880	46966,882512313692130



11470,607525011228060	46963,000134505884490



11474,823723490657360	46945,000019215127400



11480,093971589943980	46933,354115559770440



11458,310279446226560	46924,177586195852200



11452,688681473655380	46951,882416238062440



11379,080883020291370	46928,059964003667120



11388,567329599005460	46869,471353449436720



11328,593506738312500	46850,412407847456050



11359,932314926216350	46832,412292556698960



11260,431631320876480	46936,530606493433880



11094,770166066646200	46757,764755615622560



11086,162094171144420	46812,470988362038040



11008,445102709520140	46754,588264681959120



11500,999289050445440	46806,823893368862630



11494,499316394660130	46760,235359675134530



11509,080336136017650	46723,706943706085440



11421,067192877937490	46715,059829497782630



11336,918898226000240	46654,000614884040260



11327,012432308525600	46613,059176183494860



11366,256612645360290	46527,118679024126320



11371,175510871360530	46515,471545600696120



11354,837741763572920	46461,647671446960880



11454,972455650013220	46444,353443030355260



11501,350638923731820	46415,412081190312160



11420,540168068009730	46420,000345872271280



11512,066810058946430	46381,705982949781180



11402,094299720507480	46341,295189172917160



11605,770220755071930	46293,824296886508820



11635,986309857647940	46241,059253043997160



11710,296808057582890	46326,295093097287460



11552,647720423450660	46358,060002433914640



11526,647829800305770	46341,295189172917160



11583,390834335954420	46329,118640593878810



11573,026013074024380	46314,295016236785160



11572,323313327453430	46296,294900946028060



11587,607032815383720	46265,235878483545100



11575,134112313739020	46270,177086602576310



11729,445376151656090	46451,235840053290300



11701,161711352153360	46450,706424897682160



11683,067192877937490	46431,823951014237540



11725,756202482156370	46469,765370499655540



11578,998960919881940	46420,529761027879430



11570,742238897668360	46467,647709877215680



11551,945020676879720	46451,941726927434500



11580,228685476382450	46510,000922326056750



11650,567329599005460	46504,353827332874060



11697,472537682653640	46498,530260621162600



11674,810470855722090	46493,589052502131380



11708,188708817868250	46581,647210283932510



11709,418433374368760	46537,706982136340230



11609,283719487930280	46594,000230581514190



11589,890806991741560	46596,294362922490110



11573,026013074024380	46606,529722597631920



11672,526696679366070	46638,647575371331180



11595,581074429785080	46688,412599998715450



11644,067356943220150	46738,707039781715140



11654,256503268507000	46722,295169957789760



11638,270084034003960	46714,353942623631160



11610,864793917715360	46632,294593504004300



11702,040086035367490	46616,235667117151020



11614,729642523860090	46815,471007577165440



11601,202672402358080	46796,588533693720820



11736,999398427300550	46814,765120703013960



11754,742567028230040	46792,000269011768980



11768,620887023018440	46795,000288226889100



11658,648376684577670	46905,471584030950910



11633,526860744646910	46954,353020297581680



11519,445157397947700	46983,294382137617500



11615,256667333787840	47323,530625708561280



11743,323696146444490	47441,236032204549700



11770,728986262733090	47479,177451689967710



11723,648103242441720	47451,471391879684240



11660,405126051007760	47496,118736669508500



11778,107333601732540	47346,470719350269060



11731,026450581442990	47318,942361026602160



11688,337440977224100	47374,882666034704020



11415,796944778650870	47455,706713124571250



11385,053830866148930	47459,412619213842840



11366,607962518646670	47487,648094179741740



11676,391545285508980	47574,647421650326580



11658,297026811293110	47547,117833558579150



11682,188818194723350	47528,941246549286000



11719,958929572942000	47569,353270094215980



11782,147857144518640	47543,058984032228180



11654,256503268507000	47648,765543435794820



11661,986200480792830	47632,706617048941560



11921,526751367791800	47554,706117455658380



11885,337714419360050	47543,764870906379660



11819,566618649452720	47518,352943437072100



11876,729642523860090	47503,001133692443540



11956,837413633011240	47503,354077129515640



11982,661629319512940	47530,529492016117730



11979,323805523297780	47543,235455750764230



11782,850556891091400	47638,177240323580920



11988,283227292085940	47581,706290391797660



11942,783418701579650	47621,941842218191600



11734,012924504371770	47482,000999186559060



11942,256393891651900	47365,706136670785780



11944,891517941294300	47347,882493098564740



11859,513498732858350	47352,823701217595960



11844,512459652740290	47354,941361840043100



11823,255792318952440	47336,058887956598480



11906,067356943220150	46882,000845465547170



11924,864575164006960	46857,647748307470460



11970,891408564441010	46821,823989444492320



11900,621433907290340	46833,471122867922530



11879,013416700216110	46847,765332069408030



11849,958382688670100	46852,353596751359880



11881,472865813217140	46807,882723680078920



11835,026013074024380	46836,471142083049920



11797,607251569092110	46801,706213531295360



11776,701934108590650	46825,706367252299970



11873,567493664288120	46783,176683084922840



11837,309787250382220	46736,412907440739220



11896,229560491217850	46708,353904193383640



11836,958437377095830	46637,765216778650940



11826,242266241881220	46657,177105817696430



12005,323696146444490	46588,882550743946920



11963,161711352153360	46507,177374829465400



11947,702316927581700	46480,883088767477600



11938,918570095436740	46430,941592421557290



11904,486282513433250	46421,588591339103000



11881,121515939930760	46434,294555073756780



11797,255901695807550	46288,177201893333400



11772,837085502447740	46136,412753719727340



11796,201852075950230	46173,471814612465100



11977,391381220226320	46204,000192151259400



11997,242649060872280	46180,176510148790840



12014,107442978587640	46174,705886874144200



12050,120804990378020	46313,236185925561580



12057,499152329377470	46303,706713124571250



12044,323532081161830	46293,824296886508820



12072,431521944023190	46478,059541270886260



12059,782926505735300	46517,589206223135990



12031,147911832946190	46510,530337481664900



12016,742567028230040	46481,765447360165120



12017,445266774802800	46461,471199728424840



12054,864028279735070	46434,647498510828880



12032,728986262733090	46420,353289309343380



12013,931768041944450	46396,353135588338780



12052,931603976663610	46356,471756967082910



12017,620941711445990	46375,353001082454280



12153,134987328574420	46394,588418402963720



12127,310771642072720	46440,647536941076400



12145,932314926216350	46261,882915831345600



12079,282844473094880	46277,412427062583440



11771,431686009304030	46327,177451689967710



12071,026122450879480	46621,529818673261620



12133,108044551287090	46609,000326657143880



12104,755710286312020	46561,352962652199500



11961,404961985725100	46530,295169957789760



11836,607087503811270	46597,529664952249730



12125,554022275644460	46384,529530446365240



12101,417886490096860	46613,235647902030900



12125,026997465714880	46652,059425980129160



12048,891080433877500	46700,942092014833180



12044,147857144518640	46716,118659808998920



12014,458792851874020	46714,177470905095100



12116,877280914670340	47347,353077942956590



12096,498988264096620	47379,117987279583760



12100,539511806882730	47408,765235993771060



12078,755819663165310	47397,294574288876900



12120,108099239714650	47288,059810282655240



12108,269209019168560	47247,294843300645880



12138,905317460501460	47246,941899863573780



11929,783473390007200	47444,412523138213140



11920,648376684577670	47453,765524220667430



11966,675210085011710	47422,177086602576310



12084,377417635738310	47543,235455750764230



12137,324243030716390	47497,530510417804180



12152,080937708717100	47519,588245466831720



12151,378237962146160	47553,823758862978140



12187,918624783864290	47553,117871988826660



12178,783528078434760	47533,705982949781180



12174,215979725720900	47581,529818673261620



12194,418597439651420	47570,765043842511660



12118,351349873286380	47453,059637346515960



12111,255682942097340	47435,765408929910340



12237,283281980511670	47540,764851691252260



12291,566837403161120	47517,295342893929040



12361,309787250382220	47539,000134505884490



12240,094080966799080	47372,235590256648720



12208,121242497794810	47369,059099322985280



12388,081047085572210	47399,412234911324050



12219,891463252868560	46516,883319348991790



12527,391271843373030	46345,530510417804180



12400,553967587216900	46355,412926655866620



12389,310771642072720	46268,765312854280640



12517,026450581442990	46239,118064140093340



12467,837468321436970	46253,588745060114890



12483,296862746010450	46390,000153721011880



12498,756257170583920	46400,764928551754560



12415,486337201860810	46407,117910419081460



12550,229013606945960	46496,589071717258780



12538,107442978587640	46508,412676859225030



12484,350912365867770	46673,059560486013650



12454,486173136579960	46666,530106900150720



12458,702371616007440	46719,118679024126320



12535,296643992302050	47243,059522055758860



12552,688462719946980	47247,118371582109830



12570,255956384233290	47303,942264950972460



12569,728931574305530	47277,295035451905280



12525,458847540301580	47316,824700404155010



12530,026395893015430	47280,824469822640820



12499,985981727084440	47281,000941541184140



12528,972346273158110	47386,176856021062120



12508,769728559227590	47390,765120703013960



12404,945841003287570	47467,000903110929360



12375,012432308525600	47373,117948849336240



12771,472428305798530	47537,411889039052760



12799,404743232016700	47566,176779160552540



12758,999507804155660	47570,059156968367460



12713,851049086935740	47516,589456019777570



12704,013252634935270	47549,059022462482970



12642,000000000000000	47471,236224355816380



12616,282789784667330	47505,295266033419460



12780,256175137943500	47486,942207305590280



12781,134549821157630	47470,706809200200950



12804,850666267944690	47470,000922326056750



12808,891189810730790	47481,471584030950910



12783,418323997515470	47362,706117455658380



12771,648103242441720	47351,235455750764230



12723,513170602294850	47335,176529363918240



12676,783637455289860	47331,823566711718740



12594,499097640949910	47349,823682002475840



12799,931768041944450	47378,412100405439560



12715,432123516722640	47320,177663056354500



12695,405180739433490	47316,118813530010810



12679,243086568289070	47307,118755884635900



12793,256120449515950	46600,000269011768980



12784,999398427300550	46625,059253043997160



12771,823778179084910	46592,059041677610360



12683,283610111075180	46554,648267115873750



12701,202453648649680	46559,235302029759620



12788,864247033443460	46527,471622461198420



12749,337386288796550	46515,471545600696120



12770,242703749299840	46525,353961838758550



12696,810580232577200	46443,647556156203790



12617,336839404524650	46413,823835723480440



12614,526040418239060	46464,118275506480130



12649,378347339001270	46338,471641676325820



12651,486446578715910	46358,412945870986730



12770,594053622584400	46320,118582948496620



12787,458847540301580	46298,236089849931880



12759,350857677440220	46291,177221108453520



12740,553639456653400	46271,059445195256560



12723,337495665651660	46256,059349119626860



12650,783746832143150	46233,470969146910640



12636,836757371884230	46223,412081190312160



12501,040031346941760	46336,353981053885940



12614,350365481595870	46307,059675776770740



12651,837796452000480	46318,353865763128850



12641,228630787954900	46343,236378076820980



12709,810525544149640	46337,412811365109520



12700,851103775363300	46316,765620296297130



12623,309787250382220	46196,235436535644110



12717,891572629721850	46066,882896616218200



13007,648212619296830	46298,589033287003980



12892,161109779453910	46558,529415155608150



12869,147693079237800	46571,764794045870080



12851,755874351592860	46551,824719619282400



12929,472865813217140	46491,824335316763610



12906,986473922928780	46453,353500675730180



13015,026559958296280	46919,942264950972460



13023,283281980511670	46967,411927469300280



13021,877882487369790	46994,765043842511660



12993,242867814580680	46965,470738565396460



12968,297026811293110	47096,059810282655240



12985,161820729008470	47135,411773748295680



12920,513444044430800	47063,412542353340540



12900,242156865026120	47099,942188090462880



12887,066536616810480	47077,530279836289990



12896,025958385596820	47029,000557238658080



12880,039539151095600	47012,941630851804800



12934,040414165931000	47171,764947766881960



13021,877882487369790	47134,352943437072100



13012,567110845297070	47054,412484707965630



12916,121570628358310	47308,177586195852200



12919,108044551287090	47287,883338564119180



12871,958492065523390	47270,942053584578390



13046,121023744086420	47219,412311771826360



13042,607525011228060	47199,471007577165440



13077,918187276445680	47195,765101487893840



13128,688243966236770	47166,470796210778640



13182,513444044430800	47203,000441947900980



13143,093588770952920	47275,000903110929360



13129,917968522737280	47307,824642758780100



13113,580199414949680	47307,824642758780100



13103,039703216378260	47306,412869010484430



13141,336839404524650	47345,941304194660920



13100,755929040020420	47369,235571041521320



13318,837194879301020	47186,059156968367460



13231,878101241078180	47176,000269011768980



13273,513061225439740	47212,706386467427360



13000,094190343652370	47159,058984032228180



12943,702535681290100	47216,765235993771060



12816,269537149732060	47330,764736400495160



12847,539675872163570	47389,176875236189520



12831,377581701019150	47416,177048172321520



12833,310006004090610	47456,589071717258780



12891,107060159596580	47428,883011906975300



12905,405399493143700	47472,471526385568720



12927,189091636859300	47488,177509335349900



12977,256448580079450	47529,647133423430200



12992,364493131366540	47522,411792963423070



12965,837577698292080	47458,883204058234700



12949,324133653861280	47437,353654396742060



12922,797218220786820	47442,647805952845380



12868,269318396023660	47385,470969146910640



12904,282680407812220	47328,823547496591340



12893,742184209240800	47309,412888225611820



12900,593506738312500	47291,589244653390780



12904,000000000000000	47280,118582948496620



13063,161492598444960	47410,706424897682160



13104,796452582806520	47261,589052502131380



12940,013362011788560	47422,177086602576310



13217,999781246291600	47335,176529363918240



13192,878265306359030	47229,294728009888780



13120,958546753950940	47142,294170771230710



13172,324297719143940	47090,942130445087970



13210,797108843933530	47145,647133423430200



13139,931439911380950	46996,882704464951530



13101,282953849948170	47010,647498510828880



13041,904825264657120	47045,059483625511350



13145,904387757238510	46969,529588091747430



13204,824160998075970	46991,235609471776120



13238,378073896865320	46979,764947766881960



13315,675046019729050	46996,882704464951530



13330,783090571016150	47012,059272259124560



13062,985817661801780	46901,765677941679320



13198,324188342288840	46877,412580783595330



13327,445266774802800	46957,705982949781180



13285,283281980511670	46817,059253043997160



13135,890916368594840	46866,471334234309320



13291,607579699655620	46486,000768605044870



13362,755929040020420	46783,882569959074320



13349,755983728447970	46984,882627604449220



13346,418159932232810	46949,411812178550460



13215,364657196647390	47170,706117455658380



13205,351185808003720	47191,882723680078920



13135,890916368594840	47477,589206223135990



13128,863918902879960	47458,000845465547170



6032,553201949234790	48063,295150742662370



6201,094135655225728	48530,235628686903510



6292,445102709521052	48547,353385384973080



6446,053666800866268	48025,883146412859780



6472,931932107226203	47994,824123950376820



6426,026724023578936	48447,471622461198420



6286,647829800305772	48557,059329904499460



6570,782871817307750	48659,236454937323290



6657,634959984361558	47426,059464410383960



6781,661465254231188	48380,941784572816680



6744,067028812655735	48593,059560486013650



6810,647829800305772	48643,001056831941240



6894,337769107787608	48653,589359944147880



7012,742676405085149	48730,176856021062120



6860,188161933596348	48465,648209470491560



7219,932096172507954	48388,706540188439250



7294,066919435801538	47280,647998104104770



7327,796507271234077	47253,824296886508820



7101,107169536451692	47299,706943706085440



7825,093916901516422	48715,529703382504520



7762,553639456653400	48203,765408929910340



7812,093971589943976	47572,000345872271280



8101,323586769589383	48910,882666034704020



8103,256011072660840	48609,471430309939020



8127,147802456091995	48591,294843300645880



8054,242703749298926	47706,471795397337700



8391,607251569092114	47855,412696074352420



8577,364329066083883	48622,177394044592800



8532,215870348865792	48428,942092014833180



8419,890916368594844	48050,236243570936500



8350,147966521373746	48068,765774017309020



8472,310716953645170	47593,529895533763920



8610,215542218302290	48515,059060892737760



8988,581019741359342	48640,353981053885940



9003,513389356003245	48458,412869010484430



9001,580965052931788	48443,589244653390780



8881,526313860375012	47548,882550743946920



8829,877882487369788	47592,471065222540340



8893,999234362017887	47465,589129362633680



9055,337495665651659	47471,412696074352420



8944,769291051808978	48780,647767522590580



9173,742402962949200	48740,412215696196660



9336,134713886438476	47326,176471718536050



9365,296753369155340	47331,823566711718740



9290,810580232577195	48527,765024627384260



9140,012815127516660	48497,058945601980670



9436,620777646163333	48280,883549930505980



9354,931932107227112	48246,824508252895610



9474,039539151095596	47953,706213531295360



9500,986473922928781	47943,823797293225660



9409,742512339804307	47590,000461163028380



9909,148021209801300	46677,471353449436720



10150,067028812656645	47318,589417589530060



10357,783473390007202	46468,530068469895920



10386,067138189509933	46488,294900946028060



10800,377308258883200	46656,824162380624330



11533,674827266020660	46731,295227603171950



11523,310006004090610	46771,529549661492640



11551,945020676879720	46768,706002164901290



11343,945895691715120	46754,235321244887020



11594,351349873286380	47418,294708794761390



12200,040195412222600	46561,176490933663440



12898,836757371884230	46276,177125032823820



13191,648540749860330	46938,648267115873750
